120 10 ds 9 13 8 12 9 15 11 16 8 15 10 13 7 12 10 16 11 15 10 18
0 1 14
0 2 101
0 3 20
0 4 17
0 5 89
0 6 85
0 7 15
0 8 21
0 9 92
0 10 78
0 11 14
0 12 54
0 13 67
0 14 92
0 15 6
0 16 6
0 17 11
0 18 16
0 19 19
0 20 51
0 21 44
0 22 101
0 23 45
0 24 24
0 25 68
0 26 57
0 27 38
0 28 42
0 29 28
0 30 3
0 31 57
0 32 7
0 33 97
0 34 26
0 35 95
0 36 25
0 37 102
0 38 94
0 39 90
0 40 71
0 41 47
0 42 69
0 43 56
0 44 39
0 45 84
0 46 79
0 47 79
0 48 35
0 49 98
0 50 9
0 51 41
0 52 28
0 53 63
0 54 76
0 55 88
0 56 36
0 57 70
0 58 62
0 59 97
0 60 68
0 61 44
0 62 84
0 63 9
0 64 46
0 65 37
0 66 37
0 67 20
0 68 35
0 69 6
0 70 43
0 71 3
0 72 53
0 73 47
0 74 27
0 75 93
0 76 17
0 77 87
0 78 101
0 79 14
0 80 9
0 81 86
0 82 52
0 83 91
0 84 90
0 85 5
0 86 19
0 87 66
0 88 81
0 89 92
0 90 97
0 91 64
0 92 60
0 93 28
0 94 26
0 95 58
0 96 93
0 97 79
0 98 12
0 99 101
0 100 60
0 101 97
0 102 8
0 103 46
0 104 98
0 105 72
0 106 4
0 107 96
0 108 57
0 109 38
0 110 102
0 111 100
0 112 55
0 113 10
0 114 43
0 115 51
0 116 38
0 117 92
0 118 37
0 119 24
1 2 69
1 3 73
1 4 58
1 5 39
1 6 104
1 7 83
1 8 91
1 9 9
1 10 69
1 11 87
1 12 32
1 13 67
1 14 27
1 15 52
1 16 70
1 17 102
1 18 66
1 19 37
1 20 14
1 21 104
1 22 8
1 23 3
1 24 73
1 25 99
1 26 21
1 27 15
1 28 7
1 29 30
1 30 73
1 31 34
1 32 48
1 33 4
1 34 53
1 35 12
1 36 69
1 37 84
1 38 30
1 39 15
1 40 76
1 41 68
1 42 65
1 43 54
1 44 69
1 45 66
1 46 16
1 47 97
1 48 100
1 49 3
1 50 62
1 51 41
1 52 46
1 53 80
1 54 57
1 55 87
1 56 56
1 57 22
1 58 22
1 59 96
1 60 46
1 61 58
1 62 31
1 63 16
1 64 40
1 65 85
1 66 73
1 67 12
1 68 75
1 69 29
1 70 7
1 71 3
1 72 97
1 73 31
1 74 96
1 75 39
1 76 60
1 77 55
1 78 95
1 79 68
1 80 10
1 81 69
1 82 16
1 83 49
1 84 94
1 85 77
1 86 75
1 87 18
1 88 78
1 89 98
1 90 87
1 91 38
1 92 48
1 93 70
1 94 3
1 95 37
1 96 87
1 97 49
1 98 35
1 99 36
1 100 38
1 101 82
1 102 75
1 103 42
1 104 46
1 105 4
1 106 18
1 107 65
1 108 21
1 109 35
1 110 31
1 111 32
1 112 93
1 113 4
1 114 70
1 115 25
1 116 39
1 117 42
1 118 33
1 119 87
2 3 22
2 4 51
2 5 62
2 6 26
2 7 12
2 8 64
2 9 58
2 10 39
2 11 23
2 12 4
2 13 52
2 14 41
2 15 42
2 16 50
2 17 33
2 18 49
2 19 15
2 20 45
2 21 20
2 22 79
2 23 49
2 24 78
2 25 53
2 26 79
2 27 51
2 28 16
2 29 14
2 30 102
2 31 17
2 32 13
2 33 75
2 34 91
2 35 48
2 36 26
2 37 95
2 38 45
2 39 34
2 40 40
2 41 13
2 42 4
2 43 35
2 44 66
2 45 20
2 46 102
2 47 87
2 48 30
2 49 67
2 50 29
2 51 38
2 52 49
2 53 3
2 54 46
2 55 80
2 56 7
2 57 14
2 58 31
2 59 72
2 60 33
2 61 104
2 62 51
2 63 69
2 64 80
2 65 76
2 66 3
2 67 100
2 68 98
2 69 52
2 70 62
2 71 51
2 72 83
2 73 73
2 74 51
2 75 29
2 76 49
2 77 44
2 78 82
2 79 52
2 80 30
2 81 93
2 82 88
2 83 50
2 84 93
2 85 89
2 86 63
2 87 64
2 88 49
2 89 35
2 90 10
2 91 56
2 92 58
2 93 5
2 94 69
2 95 91
2 96 104
2 97 33
2 98 45
2 99 97
2 100 5
2 101 44
2 102 79
2 103 23
2 104 72
2 105 99
2 106 46
2 107 54
2 108 73
2 109 73
2 110 77
2 111 72
2 112 92
2 113 56
2 114 80
2 115 46
2 116 82
2 117 99
2 118 89
2 119 15
3 4 65
3 5 52
3 6 13
3 7 41
3 8 75
3 9 38
3 10 6
3 11 17
3 12 38
3 13 81
3 14 95
3 15 88
3 16 77
3 17 16
3 18 81
3 19 81
3 20 40
3 21 35
3 22 89
3 23 39
3 24 95
3 25 97
3 26 17
3 27 52
3 28 7
3 29 19
3 30 57
3 31 36
3 32 47
3 33 89
3 34 92
3 35 7
3 36 104
3 37 50
3 38 38
3 39 78
3 40 62
3 41 99
3 42 59
3 43 14
3 44 40
3 45 93
3 46 3
3 47 9
3 48 70
3 49 37
3 50 75
3 51 3
3 52 19
3 53 96
3 54 16
3 55 62
3 56 44
3 57 53
3 58 27
3 59 52
3 60 99
3 61 96
3 62 27
3 63 23
3 64 52
3 65 96
3 66 102
3 67 29
3 68 61
3 69 58
3 70 66
3 71 96
3 72 94
3 73 32
3 74 59
3 75 3
3 76 5
3 77 57
3 78 99
3 79 30
3 80 64
3 81 54
3 82 41
3 83 102
3 84 11
3 85 84
3 86 4
3 87 26
3 88 46
3 89 22
3 90 16
3 91 12
3 92 82
3 93 36
3 94 89
3 95 70
3 96 92
3 97 90
3 98 52
3 99 48
3 100 75
3 101 27
3 102 28
3 103 32
3 104 26
3 105 72
3 106 81
3 107 60
3 108 60
3 109 101
3 110 63
3 111 62
3 112 14
3 113 50
3 114 83
3 115 45
3 116 64
3 117 51
3 118 52
3 119 77
4 5 49
4 6 6
4 7 22
4 8 56
4 9 80
4 10 3
4 11 40
4 12 55
4 13 5
4 14 91
4 15 25
4 16 95
4 17 91
4 18 29
4 19 98
4 20 86
4 21 15
4 22 89
4 23 54
4 24 4
4 25 83
4 26 82
4 27 26
4 28 22
4 29 30
4 30 90
4 31 86
4 32 40
4 33 40
4 34 53
4 35 7
4 36 60
4 37 42
4 38 62
4 39 11
4 40 14
4 41 70
4 42 77
4 43 57
4 44 45
4 45 56
4 46 22
4 47 104
4 48 62
4 49 92
4 50 7
4 51 10
4 52 59
4 53 34
4 54 40
4 55 36
4 56 14
4 57 86
4 58 74
4 59 98
4 60 33
4 61 95
4 62 96
4 63 50
4 64 59
4 65 4
4 66 5
4 67 64
4 68 59
4 69 16
4 70 51
4 71 80
4 72 86
4 73 104
4 74 39
4 75 85
4 76 99
4 77 19
4 78 95
4 79 72
4 80 63
4 81 16
4 82 46
4 83 28
4 84 36
4 85 58
4 86 76
4 87 96
4 88 56
4 89 58
4 90 36
4 91 90
4 92 31
4 93 77
4 94 52
4 95 50
4 96 89
4 97 78
4 98 8
4 99 26
4 100 71
4 101 53
4 102 40
4 103 72
4 104 5
4 105 96
4 106 70
4 107 81
4 108 28
4 109 27
4 110 14
4 111 79
4 112 31
4 113 70
4 114 66
4 115 89
4 116 44
4 117 23
4 118 56
4 119 10
5 6 26
5 7 45
5 8 64
5 9 5
5 10 32
5 11 46
5 12 69
5 13 48
5 14 47
5 15 11
5 16 95
5 17 32
5 18 20
5 19 21
5 20 16
5 21 75
5 22 7
5 23 69
5 24 59
5 25 44
5 26 35
5 27 88
5 28 54
5 29 97
5 30 14
5 31 13
5 32 100
5 33 13
5 34 11
5 35 5
5 36 15
5 37 101
5 38 7
5 39 86
5 40 8
5 41 26
5 42 60
5 43 44
5 44 71
5 45 68
5 46 94
5 47 43
5 48 17
5 49 82
5 50 41
5 51 29
5 52 22
5 53 102
5 54 83
5 55 33
5 56 86
5 57 74
5 58 59
5 59 4
5 60 43
5 61 22
5 62 37
5 63 54
5 64 102
5 65 46
5 66 54
5 67 23
5 68 60
5 69 9
5 70 31
5 71 85
5 72 42
5 73 7
5 74 95
5 75 4
5 76 94
5 77 4
5 78 66
5 79 59
5 80 15
5 81 14
5 82 49
5 83 25
5 84 24
5 85 28
5 86 17
5 87 45
5 88 25
5 89 35
5 90 79
5 91 78
5 92 29
5 93 50
5 94 60
5 95 102
5 96 48
5 97 54
5 98 101
5 99 32
5 100 75
5 101 17
5 102 80
5 103 58
5 104 33
5 105 74
5 106 102
5 107 96
5 108 48
5 109 18
5 110 62
5 111 41
5 112 11
5 113 72
5 114 81
5 115 6
5 116 100
5 117 48
5 118 88
5 119 99
6 7 63
6 8 41
6 9 36
6 10 66
6 11 66
6 12 89
6 13 73
6 14 7
6 15 31
6 16 51
6 17 80
6 18 67
6 19 56
6 20 83
6 21 62
6 22 54
6 23 88
6 24 104
6 25 75
6 26 51
6 27 77
6 28 58
6 29 53
6 30 99
6 31 92
6 32 55
6 33 25
6 34 63
6 35 9
6 36 49
6 37 49
6 38 49
6 39 83
6 40 39
6 41 63
6 42 47
6 43 37
6 44 104
6 45 53
6 46 86
6 47 5
6 48 98
6 49 74
6 50 55
6 51 99
6 52 34
6 53 73
6 54 61
6 55 73
6 56 38
6 57 98
6 58 63
6 59 26
6 60 80
6 61 79
6 62 74
6 63 77
6 64 10
6 65 31
6 66 68
6 67 38
6 68 9
6 69 28
6 70 81
6 71 43
6 72 3
6 73 56
6 74 94
6 75 67
6 76 16
6 77 29
6 78 55
6 79 72
6 80 65
6 81 104
6 82 49
6 83 13
6 84 90
6 85 65
6 86 30
6 87 76
6 88 39
6 89 67
6 90 101
6 91 97
6 92 91
6 93 61
6 94 51
6 95 71
6 96 84
6 97 18
6 98 47
6 99 80
6 100 60
6 101 54
6 102 20
6 103 73
6 104 80
6 105 70
6 106 47
6 107 18
6 108 36
6 109 82
6 110 38
6 111 70
6 112 64
6 113 37
6 114 77
6 115 7
6 116 54
6 117 70
6 118 38
6 119 47
7 8 86
7 9 85
7 10 95
7 11 46
7 12 95
7 13 78
7 14 84
7 15 52
7 16 4
7 17 101
7 18 77
7 19 88
7 20 10
7 21 81
7 22 16
7 23 13
7 24 31
7 25 72
7 26 66
7 27 54
7 28 35
7 29 40
7 30 32
7 31 15
7 32 27
7 33 35
7 34 61
7 35 3
7 36 104
7 37 19
7 38 40
7 39 60
7 40 77
7 41 58
7 42 3
7 43 76
7 44 14
7 45 54
7 46 39
7 47 64
7 48 96
7 49 66
7 50 15
7 51 77
7 52 43
7 53 85
7 54 10
7 55 104
7 56 14
7 57 32
7 58 7
7 59 85
7 60 104
7 61 8
7 62 78
7 63 57
7 64 75
7 65 65
7 66 32
7 67 95
7 68 99
7 69 82
7 70 39
7 71 60
7 72 34
7 73 57
7 74 20
7 75 8
7 76 47
7 77 11
7 78 61
7 79 18
7 80 58
7 81 14
7 82 99
7 83 70
7 84 18
7 85 94
7 86 37
7 87 95
7 88 78
7 89 40
7 90 81
7 91 57
7 92 26
7 93 27
7 94 98
7 95 86
7 96 69
7 97 15
7 98 56
7 99 42
7 100 15
7 101 34
7 102 25
7 103 37
7 104 59
7 105 50
7 106 63
7 107 98
7 108 40
7 109 14
7 110 17
7 111 70
7 112 5
7 113 49
7 114 17
7 115 85
7 116 57
7 117 14
7 118 12
7 119 101
8 9 17
8 10 81
8 11 29
8 12 46
8 13 54
8 14 58
8 15 47
8 16 91
8 17 96
8 18 58
8 19 54
8 20 67
8 21 38
8 22 62
8 23 21
8 24 78
8 25 57
8 26 100
8 27 91
8 28 33
8 29 37
8 30 61
8 31 36
8 32 70
8 33 100
8 34 96
8 35 28
8 36 6
8 37 47
8 38 14
8 39 71
8 40 52
8 41 39
8 42 6
8 43 41
8 44 72
8 45 81
8 46 19
8 47 52
8 48 97
8 49 98
8 50 87
8 51 101
8 52 29
8 53 51
8 54 58
8 55 83
8 56 58
8 57 28
8 58 94
8 59 91
8 60 15
8 61 52
8 62 41
8 63 61
8 64 35
8 65 25
8 66 84
8 67 11
8 68 38
8 69 104
8 70 13
8 71 64
8 72 80
8 73 58
8 74 42
8 75 68
8 76 38
8 77 50
8 78 49
8 79 49
8 80 17
8 81 59
8 82 71
8 83 94
8 84 59
8 85 83
8 86 56
8 87 56
8 88 13
8 89 62
8 90 55
8 91 48
8 92 22
8 93 4
8 94 26
8 95 50
8 96 100
8 97 60
8 98 40
8 99 26
8 100 62
8 101 34
8 102 27
8 103 31
8 104 79
8 105 75
8 106 11
8 107 25
8 108 36
8 109 67
8 110 3
8 111 55
8 112 53
8 113 9
8 114 88
8 115 40
8 116 7
8 117 41
8 118 92
8 119 72
9 10 53
9 11 9
9 12 28
9 13 70
9 14 90
9 15 3
9 16 43
9 17 79
9 18 87
9 19 48
9 20 28
9 21 33
9 22 86
9 23 69
9 24 94
9 25 55
9 26 65
9 27 73
9 28 7
9 29 87
9 30 104
9 31 44
9 32 23
9 33 10
9 34 72
9 35 83
9 36 61
9 37 101
9 38 55
9 39 51
9 40 45
9 41 80
9 42 25
9 43 70
9 44 4
9 45 21
9 46 12
9 47 28
9 48 19
9 49 78
9 50 3
9 51 22
9 52 46
9 53 20
9 54 18
9 55 34
9 56 42
9 57 59
9 58 41
9 59 15
9 60 67
9 61 20
9 62 89
9 63 87
9 64 48
9 65 70
9 66 97
9 67 75
9 68 6
9 69 75
9 70 36
9 71 65
9 72 34
9 73 4
9 74 79
9 75 94
9 76 54
9 77 56
9 78 24
9 79 32
9 80 71
9 81 53
9 82 39
9 83 43
9 84 70
9 85 14
9 86 53
9 87 41
9 88 74
9 89 62
9 90 48
9 91 84
9 92 35
9 93 9
9 94 22
9 95 39
9 96 89
9 97 56
9 98 45
9 99 73
9 100 43
9 101 90
9 102 62
9 103 17
9 104 55
9 105 45
9 106 36
9 107 45
9 108 87
9 109 28
9 110 36
9 111 64
9 112 15
9 113 55
9 114 29
9 115 56
9 116 97
9 117 50
9 118 100
9 119 61
10 11 22
10 12 77
10 13 42
10 14 90
10 15 100
10 16 41
10 17 20
10 18 48
10 19 22
10 20 48
10 21 48
10 22 63
10 23 21
10 24 26
10 25 9
10 26 42
10 27 8
10 28 50
10 29 33
10 30 49
10 31 70
10 32 97
10 33 68
10 34 99
10 35 93
10 36 102
10 37 61
10 38 42
10 39 19
10 40 90
10 41 46
10 42 19
10 43 25
10 44 18
10 45 61
10 46 15
10 47 73
10 48 88
10 49 55
10 50 91
10 51 71
10 52 36
10 53 77
10 54 72
10 55 80
10 56 25
10 57 68
10 58 75
10 59 84
10 60 59
10 61 47
10 62 46
10 63 77
10 64 18
10 65 97
10 66 97
10 67 76
10 68 12
10 69 25
10 70 36
10 71 18
10 72 70
10 73 34
10 74 41
10 75 69
10 76 44
10 77 27
10 78 88
10 79 35
10 80 27
10 81 44
10 82 40
10 83 95
10 84 96
10 85 41
10 86 32
10 87 90
10 88 59
10 89 22
10 90 13
10 91 29
10 92 34
10 93 23
10 94 102
10 95 53
10 96 56
10 97 76
10 98 66
10 99 91
10 100 24
10 101 41
10 102 100
10 103 14
10 104 78
10 105 71
10 106 5
10 107 15
10 108 78
10 109 16
10 110 26
10 111 92
10 112 43
10 113 10
10 114 44
10 115 41
10 116 52
10 117 68
10 118 29
10 119 72
11 12 26
11 13 40
11 14 84
11 15 14
11 16 63
11 17 29
11 18 4
11 19 62
11 20 49
11 21 38
11 22 93
11 23 61
11 24 71
11 25 101
11 26 104
11 27 102
11 28 87
11 29 25
11 30 24
11 31 84
11 32 85
11 33 36
11 34 43
11 35 64
11 36 70
11 37 85
11 38 24
11 39 11
11 40 93
11 41 24
11 42 44
11 43 40
11 44 93
11 45 77
11 46 70
11 47 48
11 48 21
11 49 92
11 50 93
11 51 53
11 52 30
11 53 75
11 54 50
11 55 83
11 56 95
11 57 56
11 58 64
11 59 16
11 60 70
11 61 84
11 62 43
11 63 76
11 64 40
11 65 28
11 66 48
11 67 102
11 68 28
11 69 46
11 70 80
11 71 18
11 72 88
11 73 33
11 74 3
11 75 85
11 76 20
11 77 6
11 78 39
11 79 41
11 80 59
11 81 6
11 82 39
11 83 76
11 84 67
11 85 95
11 86 63
11 87 14
11 88 16
11 89 72
11 90 101
11 91 82
11 92 93
11 93 67
11 94 48
11 95 100
11 96 43
11 97 96
11 98 88
11 99 69
11 100 10
11 101 46
11 102 99
11 103 31
11 104 60
11 105 31
11 106 13
11 107 61
11 108 53
11 109 5
11 110 64
11 111 59
11 112 76
11 113 18
11 114 3
11 115 17
11 116 101
11 117 60
11 118 40
11 119 29
12 13 31
12 14 53
12 15 36
12 16 40
12 17 83
12 18 52
12 19 58
12 20 95
12 21 86
12 22 36
12 23 17
12 24 6
12 25 53
12 26 68
12 27 86
12 28 7
12 29 60
12 30 74
12 31 75
12 32 6
12 33 95
12 34 22
12 35 88
12 36 39
12 37 56
12 38 85
12 39 76
12 40 21
12 41 11
12 42 24
12 43 102
12 44 57
12 45 34
12 46 55
12 47 49
12 48 83
12 49 33
12 50 66
12 51 82
12 52 86
12 53 83
12 54 59
12 55 90
12 56 53
12 57 74
12 58 86
12 59 98
12 60 23
12 61 53
12 62 104
12 63 35
12 64 60
12 65 80
12 66 4
12 67 24
12 68 42
12 69 46
12 70 102
12 71 49
12 72 100
12 73 46
12 74 59
12 75 81
12 76 76
12 77 16
12 78 85
12 79 6
12 80 43
12 81 16
12 82 79
12 83 4
12 84 66
12 85 23
12 86 13
12 87 99
12 88 101
12 89 42
12 90 94
12 91 75
12 92 59
12 93 27
12 94 82
12 95 54
12 96 68
12 97 25
12 98 78
12 99 57
12 100 52
12 101 91
12 102 82
12 103 37
12 104 52
12 105 87
12 106 74
12 107 101
12 108 36
12 109 21
12 110 48
12 111 98
12 112 10
12 113 25
12 114 94
12 115 3
12 116 98
12 117 89
12 118 71
12 119 41
13 14 99
13 15 9
13 16 11
13 17 36
13 18 30
13 19 98
13 20 50
13 21 6
13 22 101
13 23 44
13 24 48
13 25 98
13 26 12
13 27 48
13 28 17
13 29 60
13 30 3
13 31 86
13 32 59
13 33 4
13 34 70
13 35 22
13 36 100
13 37 71
13 38 64
13 39 74
13 40 70
13 41 100
13 42 36
13 43 46
13 44 6
13 45 33
13 46 6
13 47 78
13 48 44
13 49 12
13 50 24
13 51 37
13 52 95
13 53 25
13 54 28
13 55 13
13 56 11
13 57 33
13 58 82
13 59 46
13 60 12
13 61 40
13 62 88
13 63 88
13 64 14
13 65 18
13 66 67
13 67 6
13 68 55
13 69 75
13 70 31
13 71 56
13 72 40
13 73 62
13 74 80
13 75 64
13 76 64
13 77 93
13 78 56
13 79 7
13 80 96
13 81 97
13 82 31
13 83 94
13 84 35
13 85 42
13 86 35
13 87 101
13 88 95
13 89 97
13 90 6
13 91 80
13 92 10
13 93 38
13 94 51
13 95 56
13 96 56
13 97 20
13 98 32
13 99 30
13 100 5
13 101 87
13 102 81
13 103 102
13 104 73
13 105 17
13 106 38
13 107 83
13 108 88
13 109 51
13 110 46
13 111 59
13 112 101
13 113 101
13 114 14
13 115 40
13 116 82
13 117 7
13 118 85
13 119 80
14 15 6
14 16 45
14 17 40
14 18 74
14 19 76
14 20 61
14 21 30
14 22 11
14 23 14
14 24 83
14 25 98
14 26 104
14 27 100
14 28 14
14 29 6
14 30 101
14 31 49
14 32 54
14 33 82
14 34 61
14 35 76
14 36 4
14 37 93
14 38 51
14 39 15
14 40 8
14 41 73
14 42 93
14 43 22
14 44 22
14 45 95
14 46 34
14 47 90
14 48 7
14 49 95
14 50 102
14 51 59
14 52 26
14 53 69
14 54 12
14 55 10
14 56 31
14 57 21
14 58 60
14 59 15
14 60 35
14 61 54
14 62 42
14 63 28
14 64 35
14 65 75
14 66 18
14 67 43
14 68 58
14 69 34
14 70 61
14 71 19
14 72 9
14 73 95
14 74 8
14 75 73
14 76 78
14 77 101
14 78 13
14 79 44
14 80 10
14 81 86
14 82 55
14 83 4
14 84 84
14 85 65
14 86 50
14 87 6
14 88 97
14 89 67
14 90 36
14 91 91
14 92 98
14 93 41
14 94 55
14 95 53
14 96 48
14 97 70
14 98 60
14 99 10
14 100 62
14 101 13
14 102 54
14 103 7
14 104 84
14 105 80
14 106 5
14 107 42
14 108 86
14 109 51
14 110 104
14 111 25
14 112 8
14 113 82
14 114 76
14 115 35
14 116 14
14 117 96
14 118 70
14 119 72
15 16 65
15 17 14
15 18 37
15 19 37
15 20 91
15 21 66
15 22 11
15 23 41
15 24 83
15 25 87
15 26 56
15 27 32
15 28 68
15 29 11
15 30 46
15 31 63
15 32 78
15 33 59
15 34 62
15 35 92
15 36 29
15 37 34
15 38 96
15 39 53
15 40 82
15 41 13
15 42 37
15 43 79
15 44 47
15 45 24
15 46 67
15 47 46
15 48 61
15 49 86
15 50 84
15 51 86
15 52 67
15 53 65
15 54 30
15 55 16
15 56 28
15 57 61
15 58 83
15 59 4
15 60 26
15 61 84
15 62 59
15 63 68
15 64 98
15 65 46
15 66 6
15 67 66
15 68 19
15 69 7
15 70 15
15 71 19
15 72 92
15 73 90
15 74 100
15 75 16
15 76 11
15 77 27
15 78 102
15 79 7
15 80 44
15 81 86
15 82 17
15 83 31
15 84 41
15 85 95
15 86 10
15 87 83
15 88 100
15 89 58
15 90 11
15 91 22
15 92 23
15 93 44
15 94 73
15 95 67
15 96 67
15 97 58
15 98 21
15 99 91
15 100 78
15 101 8
15 102 81
15 103 61
15 104 38
15 105 53
15 106 49
15 107 81
15 108 9
15 109 27
15 110 84
15 111 97
15 112 73
15 113 86
15 114 100
15 115 11
15 116 73
15 117 13
15 118 18
15 119 87
16 17 104
16 18 25
16 19 72
16 20 54
16 21 30
16 22 9
16 23 37
16 24 55
16 25 85
16 26 60
16 27 32
16 28 3
16 29 52
16 30 7
16 31 39
16 32 92
16 33 48
16 34 48
16 35 55
16 36 42
16 37 55
16 38 58
16 39 92
16 40 80
16 41 70
16 42 44
16 43 59
16 44 38
16 45 37
16 46 102
16 47 102
16 48 55
16 49 68
16 50 18
16 51 49
16 52 17
16 53 91
16 54 27
16 55 54
16 56 57
16 57 17
16 58 91
16 59 52
16 60 97
16 61 16
16 62 70
16 63 9
16 64 7
16 65 56
16 66 8
16 67 26
16 68 46
16 69 53
16 70 3
16 71 67
16 72 16
16 73 59
16 74 34
16 75 24
16 76 76
16 77 12
16 78 72
16 79 94
16 80 9
16 81 90
16 82 92
16 83 23
16 84 79
16 85 101
16 86 88
16 87 32
16 88 39
16 89 58
16 90 95
16 91 5
16 92 81
16 93 41
16 94 6
16 95 36
16 96 63
16 97 96
16 98 41
16 99 104
16 100 68
16 101 88
16 102 50
16 103 83
16 104 82
16 105 59
16 106 38
16 107 65
16 108 62
16 109 27
16 110 20
16 111 52
16 112 25
16 113 93
16 114 23
16 115 72
16 116 27
16 117 69
16 118 27
16 119 19
17 18 98
17 19 61
17 20 6
17 21 62
17 22 80
17 23 101
17 24 36
17 25 51
17 26 52
17 27 4
17 28 24
17 29 16
17 30 96
17 31 49
17 32 94
17 33 71
17 34 37
17 35 77
17 36 52
17 37 13
17 38 33
17 39 55
17 40 52
17 41 55
17 42 12
17 43 62
17 44 32
17 45 7
17 46 104
17 47 20
17 48 42
17 49 86
17 50 16
17 51 48
17 52 91
17 53 64
17 54 53
17 55 66
17 56 94
17 57 92
17 58 56
17 59 12
17 60 68
17 61 33
17 62 97
17 63 72
17 64 26
17 65 22
17 66 101
17 67 76
17 68 89
17 69 46
17 70 99
17 71 28
17 72 14
17 73 34
17 74 63
17 75 91
17 76 72
17 77 4
17 78 50
17 79 9
17 80 24
17 81 69
17 82 92
17 83 59
17 84 87
17 85 64
17 86 85
17 87 78
17 88 69
17 89 45
17 90 68
17 91 74
17 92 58
17 93 53
17 94 54
17 95 66
17 96 57
17 97 46
17 98 88
17 99 102
17 100 66
17 101 40
17 102 88
17 103 100
17 104 17
17 105 10
17 106 57
17 107 50
17 108 34
17 109 62
17 110 51
17 111 46
17 112 18
17 113 100
17 114 53
17 115 78
17 116 60
17 117 104
17 118 99
17 119 56
18 19 18
18 20 82
18 21 86
18 22 18
18 23 100
18 24 54
18 25 80
18 26 7
18 27 47
18 28 37
18 29 89
18 30 100
18 31 98
18 32 72
18 33 8
18 34 67
18 35 92
18 36 30
18 37 72
18 38 36
18 39 78
18 40 84
18 41 22
18 42 26
18 43 52
18 44 89
18 45 79
18 46 50
18 47 79
18 48 72
18 49 52
18 50 26
18 51 79
18 52 46
18 53 12
18 54 49
18 55 63
18 56 15
18 57 21
18 58 61
18 59 93
18 60 6
18 61 13
18 62 102
18 63 78
18 64 62
18 65 74
18 66 86
18 67 51
18 68 60
18 69 6
18 70 47
18 71 21
18 72 5
18 73 30
18 74 70
18 75 24
18 76 97
18 77 77
18 78 65
18 79 4
18 80 40
18 81 62
18 82 62
18 83 67
18 84 11
18 85 12
18 86 24
18 87 32
18 88 24
18 89 25
18 90 28
18 91 63
18 92 53
18 93 23
18 94 85
18 95 45
18 96 89
18 97 99
18 98 47
18 99 20
18 100 32
18 101 50
18 102 67
18 103 53
18 104 53
18 105 45
18 106 78
18 107 89
18 108 42
18 109 61
18 110 79
18 111 95
18 112 25
18 113 41
18 114 14
18 115 37
18 116 36
18 117 28
18 118 101
18 119 44
19 20 8
19 21 81
19 22 31
19 23 47
19 24 51
19 25 51
19 26 58
19 27 69
19 28 9
19 29 94
19 30 99
19 31 14
19 32 4
19 33 104
19 34 57
19 35 84
19 36 51
19 37 100
19 38 23
19 39 95
19 40 32
19 41 64
19 42 33
19 43 30
19 44 13
19 45 44
19 46 53
19 47 68
19 48 61
19 49 58
19 50 98
19 51 68
19 52 52
19 53 97
19 54 10
19 55 18
19 56 52
19 57 95
19 58 28
19 59 93
19 60 59
19 61 73
19 62 40
19 63 9
19 64 91
19 65 7
19 66 67
19 67 12
19 68 99
19 69 47
19 70 33
19 71 71
19 72 46
19 73 70
19 74 55
19 75 43
19 76 19
19 77 10
19 78 31
19 79 33
19 80 62
19 81 58
19 82 96
19 83 37
19 84 3
19 85 45
19 86 44
19 87 39
19 88 75
19 89 6
19 90 84
19 91 59
19 92 91
19 93 45
19 94 102
19 95 35
19 96 86
19 97 49
19 98 77
19 99 36
19 100 43
19 101 102
19 102 43
19 103 54
19 104 65
19 105 94
19 106 64
19 107 70
19 108 85
19 109 76
19 110 92
19 111 71
19 112 12
19 113 31
19 114 24
19 115 70
19 116 24
19 117 102
19 118 72
19 119 76
20 21 77
20 22 26
20 23 16
20 24 6
20 25 52
20 26 26
20 27 47
20 28 11
20 29 69
20 30 47
20 31 12
20 32 76
20 33 61
20 34 35
20 35 56
20 36 20
20 37 5
20 38 5
20 39 87
20 40 37
20 41 34
20 42 26
20 43 87
20 44 15
20 45 61
20 46 69
20 47 65
20 48 73
20 49 56
20 50 13
20 51 17
20 52 44
20 53 60
20 54 56
20 55 50
20 56 52
20 57 104
20 58 90
20 59 6
20 60 101
20 61 66
20 62 95
20 63 30
20 64 6
20 65 21
20 66 28
20 67 35
20 68 53
20 69 66
20 70 75
20 71 54
20 72 39
20 73 95
20 74 64
20 75 73
20 76 27
20 77 34
20 78 7
20 79 98
20 80 33
20 81 73
20 82 90
20 83 34
20 84 53
20 85 83
20 86 37
20 87 55
20 88 82
20 89 95
20 90 91
20 91 72
20 92 42
20 93 37
20 94 24
20 95 85
20 96 102
20 97 54
20 98 58
20 99 53
20 100 39
20 101 94
20 102 50
20 103 8
20 104 30
20 105 43
20 106 48
20 107 89
20 108 88
20 109 84
20 110 58
20 111 26
20 112 72
20 113 40
20 114 50
20 115 40
20 116 12
20 117 38
20 118 67
20 119 70
21 22 4
21 23 54
21 24 86
21 25 20
21 26 11
21 27 91
21 28 39
21 29 4
21 30 51
21 31 89
21 32 51
21 33 79
21 34 32
21 35 63
21 36 90
21 37 100
21 38 25
21 39 35
21 40 30
21 41 65
21 42 46
21 43 7
21 44 24
21 45 57
21 46 96
21 47 101
21 48 82
21 49 94
21 50 100
21 51 4
21 52 90
21 53 83
21 54 7
21 55 67
21 56 14
21 57 44
21 58 61
21 59 73
21 60 35
21 61 72
21 62 88
21 63 91
21 64 76
21 65 66
21 66 54
21 67 97
21 68 92
21 69 50
21 70 29
21 71 18
21 72 38
21 73 95
21 74 96
21 75 58
21 76 12
21 77 6
21 78 61
21 79 57
21 80 71
21 81 104
21 82 82
21 83 49
21 84 12
21 85 97
21 86 4
21 87 43
21 88 23
21 89 36
21 90 23
21 91 87
21 92 15
21 93 63
21 94 54
21 95 14
21 96 49
21 97 19
21 98 30
21 99 69
21 100 74
21 101 64
21 102 77
21 103 78
21 104 16
21 105 64
21 106 30
21 107 32
21 108 76
21 109 35
21 110 44
21 111 92
21 112 76
21 113 5
21 114 56
21 115 73
21 116 23
21 117 62
21 118 46
21 119 94
22 23 28
22 24 44
22 25 67
22 26 85
22 27 51
22 28 98
22 29 70
22 30 33
22 31 33
22 32 66
22 33 25
22 34 79
22 35 94
22 36 78
22 37 76
22 38 96
22 39 81
22 40 84
22 41 13
22 42 3
22 43 34
22 44 19
22 45 95
22 46 33
22 47 55
22 48 45
22 49 15
22 50 16
22 51 87
22 52 70
22 53 19
22 54 63
22 55 58
22 56 73
22 57 102
22 58 6
22 59 77
22 60 11
22 61 48
22 62 52
22 63 88
22 64 52
22 65 93
22 66 50
22 67 30
22 68 104
22 69 18
22 70 7
22 71 10
22 72 98
22 73 20
22 74 71
22 75 73
22 76 73
22 77 15
22 78 9
22 79 20
22 80 8
22 81 35
22 82 69
22 83 57
22 84 40
22 85 17
22 86 35
22 87 20
22 88 23
22 89 41
22 90 19
22 91 11
22 92 81
22 93 42
22 94 60
22 95 25
22 96 83
22 97 22
22 98 38
22 99 24
22 100 11
22 101 20
22 102 38
22 103 24
22 104 41
22 105 25
22 106 63
22 107 96
22 108 30
22 109 99
22 110 60
22 111 47
22 112 17
22 113 26
22 114 32
22 115 25
22 116 16
22 117 21
22 118 82
22 119 49
23 24 7
23 25 19
23 26 98
23 27 60
23 28 41
23 29 3
23 30 64
23 31 81
23 32 89
23 33 21
23 34 82
23 35 64
23 36 24
23 37 22
23 38 88
23 39 94
23 40 90
23 41 70
23 42 38
23 43 55
23 44 45
23 45 3
23 46 47
23 47 40
23 48 13
23 49 44
23 50 33
23 51 50
23 52 8
23 53 90
23 54 33
23 55 56
23 56 70
23 57 23
23 58 35
23 59 63
23 60 5
23 61 76
23 62 80
23 63 35
23 64 12
23 65 47
23 66 27
23 67 14
23 68 84
23 69 82
23 70 94
23 71 30
23 72 66
23 73 78
23 74 36
23 75 104
23 76 10
23 77 101
23 78 39
23 79 35
23 80 55
23 81 23
23 82 68
23 83 104
23 84 47
23 85 18
23 86 98
23 87 47
23 88 49
23 89 93
23 90 52
23 91 19
23 92 84
23 93 57
23 94 91
23 95 50
23 96 13
23 97 73
23 98 93
23 99 98
23 100 25
23 101 3
23 102 62
23 103 87
23 104 33
23 105 56
23 106 79
23 107 48
23 108 6
23 109 86
23 110 65
23 111 61
23 112 23
23 113 50
23 114 35
23 115 59
23 116 12
23 117 69
23 118 32
23 119 90
24 25 68
24 26 92
24 27 34
24 28 55
24 29 62
24 30 55
24 31 79
24 32 23
24 33 26
24 34 28
24 35 104
24 36 83
24 37 32
24 38 63
24 39 91
24 40 9
24 41 88
24 42 70
24 43 69
24 44 40
24 45 42
24 46 39
24 47 95
24 48 87
24 49 34
24 50 34
24 51 52
24 52 15
24 53 100
24 54 86
24 55 51
24 56 80
24 57 24
24 58 82
24 59 52
24 60 83
24 61 9
24 62 13
24 63 58
24 64 14
24 65 16
24 66 98
24 67 100
24 68 34
24 69 12
24 70 24
24 71 100
24 72 26
24 73 77
24 74 19
24 75 78
24 76 66
24 77 20
24 78 78
24 79 82
24 80 26
24 81 10
24 82 31
24 83 16
24 84 50
24 85 44
24 86 71
24 87 21
24 88 49
24 89 93
24 90 27
24 91 74
24 92 20
24 93 79
24 94 86
24 95 14
24 96 62
24 97 9
24 98 97
24 99 100
24 100 15
24 101 80
24 102 46
24 103 104
24 104 4
24 105 23
24 106 80
24 107 59
24 108 42
24 109 61
24 110 76
24 111 91
24 112 3
24 113 28
24 114 60
24 115 44
24 116 55
24 117 48
24 118 70
24 119 29
25 26 25
25 27 31
25 28 24
25 29 53
25 30 68
25 31 74
25 32 6
25 33 13
25 34 62
25 35 18
25 36 96
25 37 50
25 38 79
25 39 3
25 40 10
25 41 101
25 42 99
25 43 41
25 44 30
25 45 89
25 46 97
25 47 66
25 48 34
25 49 67
25 50 20
25 51 55
25 52 84
25 53 88
25 54 51
25 55 9
25 56 75
25 57 83
25 58 28
25 59 67
25 60 5
25 61 87
25 62 46
25 63 64
25 64 31
25 65 53
25 66 52
25 67 10
25 68 86
25 69 61
25 70 65
25 71 20
25 72 47
25 73 72
25 74 75
25 75 5
25 76 65
25 77 39
25 78 28
25 79 63
25 80 7
25 81 47
25 82 78
25 83 18
25 84 78
25 85 5
25 86 62
25 87 16
25 88 60
25 89 45
25 90 57
25 91 26
25 92 84
25 93 40
25 94 69
25 95 12
25 96 87
25 97 7
25 98 14
25 99 90
25 100 67
25 101 85
25 102 70
25 103 82
25 104 56
25 105 12
25 106 92
25 107 57
25 108 24
25 109 22
25 110 85
25 111 79
25 112 76
25 113 62
25 114 77
25 115 50
25 116 86
25 117 74
25 118 19
25 119 86
26 27 23
26 28 58
26 29 6
26 30 10
26 31 68
26 32 91
26 33 86
26 34 98
26 35 87
26 36 42
26 37 88
26 38 56
26 39 3
26 40 24
26 41 17
26 42 72
26 43 79
26 44 23
26 45 89
26 46 93
26 47 68
26 48 71
26 49 94
26 50 41
26 51 48
26 52 96
26 53 57
26 54 27
26 55 93
26 56 95
26 57 44
26 58 12
26 59 32
26 60 97
26 61 46
26 62 39
26 63 17
26 64 70
26 65 86
26 66 77
26 67 33
26 68 8
26 69 56
26 70 37
26 71 32
26 72 13
26 73 27
26 74 42
26 75 63
26 76 73
26 77 3
26 78 8
26 79 31
26 80 102
26 81 92
26 82 39
26 83 62
26 84 78
26 85 38
26 86 94
26 87 100
26 88 58
26 89 81
26 90 43
26 91 78
26 92 68
26 93 33
26 94 87
26 95 41
26 96 35
26 97 10
26 98 32
26 99 68
26 100 50
26 101 64
26 102 71
26 103 8
26 104 4
26 105 41
26 106 80
26 107 92
26 108 67
26 109 88
26 110 18
26 111 90
26 112 52
26 113 58
26 114 66
26 115 9
26 116 58
26 117 94
26 118 20
26 119 43
27 28 75
27 29 23
27 30 70
27 31 50
27 32 44
27 33 39
27 34 88
27 35 82
27 36 50
27 37 71
27 38 67
27 39 60
27 40 44
27 41 27
27 42 7
27 43 3
27 44 104
27 45 11
27 46 51
27 47 17
27 48 65
27 49 78
27 50 102
27 51 44
27 52 83
27 53 22
27 54 29
27 55 82
27 56 87
27 57 10
27 58 74
27 59 74
27 60 65
27 61 35
27 62 78
27 63 90
27 64 22
27 65 22
27 66 58
27 67 97
27 68 4
27 69 58
27 70 43
27 71 74
27 72 20
27 73 5
27 74 94
27 75 100
27 76 71
27 77 4
27 78 17
27 79 90
27 80 70
27 81 44
27 82 24
27 83 87
27 84 46
27 85 34
27 86 76
27 87 4
27 88 104
27 89 81
27 90 42
27 91 10
27 92 101
27 93 76
27 94 12
27 95 51
27 96 68
27 97 16
27 98 74
27 99 99
27 100 79
27 101 54
27 102 24
27 103 21
27 104 30
27 105 11
27 106 91
27 107 75
27 108 36
27 109 68
27 110 71
27 111 49
27 112 37
27 113 95
27 114 44
27 115 63
27 116 56
27 117 55
27 118 39
27 119 71
28 29 35
28 30 28
28 31 5
28 32 101
28 33 40
28 34 68
28 35 78
28 36 82
28 37 9
28 38 10
28 39 91
28 40 33
28 41 48
28 42 81
28 43 33
28 44 94
28 45 46
28 46 5
28 47 39
28 48 38
28 49 104
28 50 37
28 51 54
28 52 89
28 53 31
28 54 99
28 55 102
28 56 15
28 57 85
28 58 32
28 59 78
28 60 48
28 61 4
28 62 27
28 63 42
28 64 96
28 65 13
28 66 40
28 67 9
28 68 8
28 69 104
28 70 87
28 71 41
28 72 68
28 73 64
28 74 36
28 75 11
28 76 37
28 77 48
28 78 62
28 79 8
28 80 86
28 81 36
28 82 8
28 83 37
28 84 21
28 85 61
28 86 58
28 87 58
28 88 72
28 89 83
28 90 18
28 91 79
28 92 94
28 93 26
28 94 69
28 95 42
28 96 13
28 97 60
28 98 10
28 99 87
28 100 104
28 101 96
28 102 88
28 103 4
28 104 41
28 105 100
28 106 11
28 107 71
28 108 74
28 109 82
28 110 97
28 111 30
28 112 36
28 113 18
28 114 41
28 115 83
28 116 43
28 117 76
28 118 63
28 119 26
29 30 49
29 31 55
29 32 79
29 33 58
29 34 29
29 35 104
29 36 81
29 37 74
29 38 30
29 39 36
29 40 90
29 41 68
29 42 15
29 43 55
29 44 5
29 45 14
29 46 73
29 47 102
29 48 90
29 49 20
29 50 97
29 51 56
29 52 70
29 53 69
29 54 25
29 55 34
29 56 23
29 57 15
29 58 13
29 59 56
29 60 67
29 61 102
29 62 59
29 63 69
29 64 43
29 65 95
29 66 60
29 67 82
29 68 14
29 69 64
29 70 30
29 71 41
29 72 53
29 73 53
29 74 48
29 75 84
29 76 88
29 77 57
29 78 96
29 79 66
29 80 19
29 81 75
29 82 27
29 83 17
29 84 8
29 85 99
29 86 42
29 87 87
29 88 63
29 89 56
29 90 70
29 91 16
29 92 29
29 93 88
29 94 80
29 95 101
29 96 42
29 97 21
29 98 94
29 99 93
29 100 69
29 101 45
29 102 59
29 103 51
29 104 95
29 105 9
29 106 13
29 107 8
29 108 70
29 109 100
29 110 40
29 111 89
29 112 85
29 113 73
29 114 55
29 115 16
29 116 30
29 117 39
29 118 92
29 119 34
30 31 23
30 32 68
30 33 93
30 34 73
30 35 21
30 36 35
30 37 46
30 38 83
30 39 50
30 40 70
30 41 99
30 42 94
30 43 17
30 44 10
30 45 21
30 46 83
30 47 99
30 48 56
30 49 37
30 50 38
30 51 76
30 52 14
30 53 14
30 54 77
30 55 64
30 56 16
30 57 76
30 58 44
30 59 57
30 60 104
30 61 92
30 62 99
30 63 44
30 64 91
30 65 63
30 66 28
30 67 27
30 68 10
30 69 22
30 70 93
30 71 86
30 72 27
30 73 91
30 74 66
30 75 57
30 76 60
30 77 5
30 78 61
30 79 6
30 80 71
30 81 93
30 82 86
30 83 52
30 84 104
30 85 31
30 86 71
30 87 31
30 88 54
30 89 77
30 90 94
30 91 79
30 92 18
30 93 52
30 94 5
30 95 80
30 96 8
30 97 77
30 98 97
30 99 85
30 100 6
30 101 19
30 102 68
30 103 5
30 104 80
30 105 77
30 106 25
30 107 25
30 108 59
30 109 89
30 110 95
30 111 33
30 112 61
30 113 91
30 114 37
30 115 72
30 116 15
30 117 78
30 118 45
30 119 30
31 32 98
31 33 86
31 34 60
31 35 22
31 36 46
31 37 3
31 38 72
31 39 55
31 40 87
31 41 53
31 42 54
31 43 25
31 44 25
31 45 3
31 46 95
31 47 19
31 48 5
31 49 38
31 50 3
31 51 100
31 52 98
31 53 68
31 54 102
31 55 26
31 56 70
31 57 85
31 58 52
31 59 37
31 60 9
31 61 53
31 62 69
31 63 83
31 64 36
31 65 74
31 66 99
31 67 9
31 68 46
31 69 77
31 70 104
31 71 14
31 72 69
31 73 57
31 74 97
31 75 53
31 76 78
31 77 15
31 78 18
31 79 102
31 80 24
31 81 27
31 82 46
31 83 59
31 84 101
31 85 75
31 86 6
31 87 76
31 88 23
31 89 51
31 90 72
31 91 81
31 92 57
31 93 75
31 94 51
31 95 39
31 96 55
31 97 101
31 98 29
31 99 78
31 100 30
31 101 23
31 102 27
31 103 6
31 104 56
31 105 25
31 106 70
31 107 29
31 108 57
31 109 22
31 110 14
31 111 19
31 112 47
31 113 76
31 114 55
31 115 6
31 116 73
31 117 23
31 118 42
31 119 81
32 33 88
32 34 8
32 35 89
32 36 45
32 37 16
32 38 73
32 39 28
32 40 65
32 41 45
32 42 54
32 43 4
32 44 93
32 45 74
32 46 86
32 47 61
32 48 45
32 49 41
32 50 47
32 51 37
32 52 89
32 53 67
32 54 8
32 55 7
32 56 22
32 57 28
32 58 28
32 59 77
32 60 44
32 61 68
32 62 50
32 63 44
32 64 65
32 65 14
32 66 37
32 67 69
32 68 7
32 69 21
32 70 99
32 71 89
32 72 8
32 73 25
32 74 81
32 75 20
32 76 55
32 77 79
32 78 62
32 79 82
32 80 76
32 81 33
32 82 85
32 83 15
32 84 70
32 85 30
32 86 62
32 87 71
32 88 34
32 89 73
32 90 102
32 91 72
32 92 92
32 93 30
32 94 35
32 95 76
32 96 57
32 97 49
32 98 19
32 99 16
32 100 32
32 101 52
32 102 28
32 103 65
32 104 74
32 105 64
32 106 57
32 107 62
32 108 75
32 109 26
32 110 26
32 111 44
32 112 56
32 113 10
32 114 18
32 115 68
32 116 93
32 117 19
32 118 45
32 119 26
33 34 64
33 35 84
33 36 52
33 37 53
33 38 48
33 39 85
33 40 12
33 41 92
33 42 97
33 43 94
33 44 28
33 45 93
33 46 97
33 47 56
33 48 44
33 49 10
33 50 17
33 51 12
33 52 55
33 53 18
33 54 74
33 55 104
33 56 7
33 57 12
33 58 42
33 59 61
33 60 80
33 61 20
33 62 14
33 63 69
33 64 18
33 65 84
33 66 30
33 67 68
33 68 99
33 69 87
33 70 51
33 71 37
33 72 21
33 73 21
33 74 31
33 75 57
33 76 26
33 77 37
33 78 26
33 79 33
33 80 4
33 81 61
33 82 67
33 83 12
33 84 60
33 85 75
33 86 90
33 87 8
33 88 88
33 89 50
33 90 35
33 91 11
33 92 29
33 93 27
33 94 97
33 95 91
33 96 100
33 97 95
33 98 10
33 99 35
33 100 60
33 101 18
33 102 26
33 103 67
33 104 62
33 105 48
33 106 60
33 107 8
33 108 24
33 109 22
33 110 60
33 111 66
33 112 9
33 113 4
33 114 73
33 115 73
33 116 22
33 117 61
33 118 87
33 119 91
34 35 49
34 36 29
34 37 82
34 38 90
34 39 64
34 40 62
34 41 75
34 42 41
34 43 37
34 44 3
34 45 60
34 46 63
34 47 8
34 48 63
34 49 57
34 50 64
34 51 42
34 52 65
34 53 3
34 54 101
34 55 80
34 56 58
34 57 69
34 58 20
34 59 28
34 60 34
34 61 104
34 62 21
34 63 36
34 64 82
34 65 57
34 66 21
34 67 3
34 68 9
34 69 15
34 70 35
34 71 25
34 72 38
34 73 77
34 74 53
34 75 94
34 76 15
34 77 43
34 78 20
34 79 101
34 80 89
34 81 82
34 82 80
34 83 15
34 84 35
34 85 39
34 86 42
34 87 85
34 88 67
34 89 8
34 90 10
34 91 40
34 92 78
34 93 64
34 94 21
34 95 94
34 96 16
34 97 59
34 98 74
34 99 20
34 100 56
34 101 96
34 102 35
34 103 15
34 104 90
34 105 43
34 106 29
34 107 18
34 108 100
34 109 13
34 110 69
34 111 68
34 112 70
34 113 91
34 114 88
34 115 57
34 116 80
34 117 12
34 118 48
34 119 95
35 36 9
35 37 62
35 38 53
35 39 25
35 40 93
35 41 97
35 42 7
35 43 93
35 44 14
35 45 4
35 46 100
35 47 71
35 48 92
35 49 101
35 50 24
35 51 5
35 52 46
35 53 40
35 54 39
35 55 25
35 56 97
35 57 56
35 58 13
35 59 92
35 60 88
35 61 86
35 62 34
35 63 63
35 64 83
35 65 98
35 66 19
35 67 48
35 68 72
35 69 96
35 70 75
35 71 84
35 72 3
35 73 50
35 74 88
35 75 69
35 76 74
35 77 56
35 78 30
35 79 86
35 80 12
35 81 97
35 82 4
35 83 89
35 84 39
35 85 35
35 86 49
35 87 53
35 88 4
35 89 9
35 90 36
35 91 104
35 92 37
35 93 82
35 94 39
35 95 38
35 96 40
35 97 41
35 98 78
35 99 92
35 100 51
35 101 68
35 102 86
35 103 101
35 104 20
35 105 16
35 106 39
35 107 28
35 108 13
35 109 23
35 110 54
35 111 5
35 112 52
35 113 101
35 114 78
35 115 69
35 116 100
35 117 39
35 118 52
35 119 11
36 37 37
36 38 60
36 39 99
36 40 51
36 41 71
36 42 87
36 43 55
36 44 28
36 45 37
36 46 73
36 47 58
36 48 29
36 49 59
36 50 29
36 51 53
36 52 55
36 53 24
36 54 55
36 55 50
36 56 5
36 57 86
36 58 85
36 59 90
36 60 99
36 61 63
36 62 28
36 63 96
36 64 30
36 65 96
36 66 11
36 67 19
36 68 34
36 69 33
36 70 89
36 71 14
36 72 34
36 73 83
36 74 26
36 75 88
36 76 65
36 77 8
36 78 69
36 79 52
36 80 59
36 81 18
36 82 97
36 83 60
36 84 7
36 85 95
36 86 86
36 87 3
36 88 58
36 89 18
36 90 50
36 91 37
36 92 6
36 93 46
36 94 25
36 95 87
36 96 12
36 97 47
36 98 95
36 99 19
36 100 97
36 101 56
36 102 94
36 103 8
36 104 15
36 105 96
36 106 26
36 107 61
36 108 71
36 109 42
36 110 85
36 111 97
36 112 45
36 113 84
36 114 72
36 115 68
36 116 4
36 117 80
36 118 9
36 119 73
37 38 65
37 39 50
37 40 100
37 41 74
37 42 6
37 43 100
37 44 19
37 45 54
37 46 17
37 47 88
37 48 83
37 49 58
37 50 71
37 51 13
37 52 58
37 53 57
37 54 59
37 55 55
37 56 48
37 57 99
37 58 55
37 59 97
37 60 10
37 61 29
37 62 37
37 63 15
37 64 30
37 65 56
37 66 76
37 67 25
37 68 63
37 69 95
37 70 68
37 71 104
37 72 44
37 73 87
37 74 67
37 75 31
37 76 4
37 77 60
37 78 77
37 79 28
37 80 51
37 81 78
37 82 53
37 83 8
37 84 86
37 85 39
37 86 90
37 87 85
37 88 82
37 89 94
37 90 22
37 91 24
37 92 55
37 93 90
37 94 93
37 95 98
37 96 85
37 97 92
37 98 22
37 99 26
37 100 44
37 101 89
37 102 69
37 103 19
37 104 101
37 105 66
37 106 57
37 107 5
37 108 72
37 109 36
37 110 78
37 111 10
37 112 4
37 113 26
37 114 78
37 115 94
37 116 36
37 117 38
37 118 60
37 119 43
38 39 95
38 40 31
38 41 21
38 42 59
38 43 73
38 44 94
38 45 102
38 46 16
38 47 95
38 48 96
38 49 38
38 50 99
38 51 45
38 52 61
38 53 102
38 54 31
38 55 40
38 56 10
38 57 64
38 58 47
38 59 81
38 60 48
38 61 13
38 62 18
38 63 69
38 64 52
38 65 24
38 66 75
38 67 27
38 68 24
38 69 85
38 70 45
38 71 5
38 72 19
38 73 42
38 74 60
38 75 79
38 76 8
38 77 75
38 78 50
38 79 32
38 80 71
38 81 9
38 82 58
38 83 45
38 84 63
38 85 36
38 86 80
38 87 65
38 88 43
38 89 84
38 90 79
38 91 50
38 92 57
38 93 25
38 94 36
38 95 98
38 96 56
38 97 39
38 98 54
38 99 43
38 100 3
38 101 25
38 102 94
38 103 88
38 104 47
38 105 101
38 106 11
38 107 13
38 108 35
38 109 66
38 110 49
38 111 25
38 112 92
38 113 40
38 114 11
38 115 68
38 116 76
38 117 41
38 118 58
38 119 92
39 40 53
39 41 67
39 42 44
39 43 32
39 44 69
39 45 101
39 46 101
39 47 22
39 48 62
39 49 52
39 50 37
39 51 41
39 52 66
39 53 26
39 54 27
39 55 101
39 56 33
39 57 12
39 58 14
39 59 84
39 60 5
39 61 47
39 62 80
39 63 102
39 64 30
39 65 53
39 66 61
39 67 94
39 68 39
39 69 80
39 70 98
39 71 68
39 72 63
39 73 21
39 74 80
39 75 16
39 76 61
39 77 102
39 78 43
39 79 31
39 80 5
39 81 52
39 82 84
39 83 48
39 84 34
39 85 50
39 86 6
39 87 21
39 88 32
39 89 42
39 90 5
39 91 92
39 92 48
39 93 50
39 94 56
39 95 94
39 96 10
39 97 86
39 98 24
39 99 37
39 100 64
39 101 33
39 102 66
39 103 59
39 104 90
39 105 58
39 106 33
39 107 71
39 108 31
39 109 26
39 110 82
39 111 51
39 112 35
39 113 18
39 114 99
39 115 21
39 116 92
39 117 79
39 118 10
39 119 20
40 41 88
40 42 60
40 43 50
40 44 66
40 45 102
40 46 85
40 47 48
40 48 43
40 49 87
40 50 14
40 51 36
40 52 42
40 53 28
40 54 34
40 55 56
40 56 78
40 57 77
40 58 71
40 59 18
40 60 62
40 61 37
40 62 63
40 63 96
40 64 69
40 65 102
40 66 42
40 67 68
40 68 9
40 69 3
40 70 36
40 71 57
40 72 9
40 73 6
40 74 75
40 75 97
40 76 30
40 77 86
40 78 54
40 79 58
40 80 60
40 81 6
40 82 53
40 83 24
40 84 61
40 85 63
40 86 73
40 87 73
40 88 52
40 89 79
40 90 19
40 91 57
40 92 88
40 93 48
40 94 26
40 95 82
40 96 31
40 97 80
40 98 85
40 99 47
40 100 22
40 101 59
40 102 47
40 103 57
40 104 24
40 105 71
40 106 9
40 107 58
40 108 8
40 109 24
40 110 84
40 111 96
40 112 76
40 113 97
40 114 96
40 115 15
40 116 44
40 117 85
40 118 99
40 119 56
41 42 49
41 43 63
41 44 42
41 45 5
41 46 30
41 47 9
41 48 3
41 49 64
41 50 50
41 51 73
41 52 48
41 53 8
41 54 95
41 55 91
41 56 67
41 57 45
41 58 40
41 59 68
41 60 63
41 61 71
41 62 75
41 63 100
41 64 67
41 65 96
41 66 80
41 67 30
41 68 69
41 69 40
41 70 49
41 71 4
41 72 10
41 73 63
41 74 77
41 75 56
41 76 69
41 77 76
41 78 61
41 79 49
41 80 12
41 81 51
41 82 27
41 83 44
41 84 54
41 85 69
41 86 14
41 87 80
41 88 94
41 89 79
41 90 52
41 91 54
41 92 78
41 93 5
41 94 42
41 95 67
41 96 34
41 97 18
41 98 104
41 99 50
41 100 23
41 101 18
41 102 30
41 103 104
41 104 56
41 105 26
41 106 66
41 107 63
41 108 46
41 109 55
41 110 44
41 111 76
41 112 65
41 113 35
41 114 18
41 115 88
41 116 31
41 117 36
41 118 7
41 119 36
42 43 51
42 44 80
42 45 78
42 46 9
42 47 78
42 48 63
42 49 73
42 50 102
42 51 38
42 52 89
42 53 100
42 54 77
42 55 35
42 56 57
42 57 24
42 58 38
42 59 59
42 60 84
42 61 20
42 62 65
42 63 71
42 64 71
42 65 92
42 66 102
42 67 41
42 68 24
42 69 46
42 70 47
42 71 14
42 72 88
42 73 30
42 74 70
42 75 93
42 76 80
42 77 86
42 78 20
42 79 23
42 80 97
42 81 30
42 82 22
42 83 50
42 84 6
42 85 55
42 86 11
42 87 67
42 88 77
42 89 95
42 90 92
42 91 14
42 92 14
42 93 97
42 94 101
42 95 44
42 96 39
42 97 9
42 98 104
42 99 64
42 100 99
42 101 5
42 102 97
42 103 37
42 104 73
42 105 40
42 106 104
42 107 49
42 108 49
42 109 100
42 110 50
42 111 92
42 112 32
42 113 62
42 114 61
42 115 24
42 116 20
42 117 65
42 118 96
42 119 52
43 44 39
43 45 82
43 46 46
43 47 26
43 48 35
43 49 35
43 50 102
43 51 78
43 52 80
43 53 94
43 54 77
43 55 7
43 56 88
43 57 80
43 58 3
43 59 59
43 60 23
43 61 101
43 62 59
43 63 40
43 64 18
43 65 91
43 66 101
43 67 3
43 68 97
43 69 85
43 70 61
43 71 94
43 72 78
43 73 32
43 74 68
43 75 22
43 76 7
43 77 79
43 78 86
43 79 54
43 80 9
43 81 10
43 82 23
43 83 52
43 84 82
43 85 67
43 86 30
43 87 60
43 88 77
43 89 76
43 90 19
43 91 62
43 92 4
43 93 25
43 94 84
43 95 84
43 96 9
43 97 66
43 98 93
43 99 55
43 100 57
43 101 104
43 102 71
43 103 82
43 104 69
43 105 56
43 106 23
43 107 26
43 108 34
43 109 81
43 110 86
43 111 56
43 112 100
43 113 42
43 114 96
43 115 62
43 116 27
43 117 67
43 118 4
43 119 70
44 45 101
44 46 35
44 47 43
44 48 64
44 49 100
44 50 82
44 51 79
44 52 28
44 53 90
44 54 91
44 55 81
44 56 12
44 57 37
44 58 77
44 59 5
44 60 71
44 61 26
44 62 4
44 63 55
44 64 43
44 65 34
44 66 62
44 67 90
44 68 59
44 69 90
44 70 5
44 71 79
44 72 63
44 73 57
44 74 74
44 75 74
44 76 33
44 77 73
44 78 31
44 79 82
44 80 43
44 81 13
44 82 84
44 83 70
44 84 77
44 85 26
44 86 37
44 87 81
44 88 76
44 89 80
44 90 38
44 91 43
44 92 69
44 93 89
44 94 22
44 95 40
44 96 88
44 97 70
44 98 100
44 99 7
44 100 12
44 101 63
44 102 32
44 103 100
44 104 9
44 105 54
44 106 101
44 107 83
44 108 23
44 109 98
44 110 81
44 111 66
44 112 53
44 113 34
44 114 36
44 115 95
44 116 4
44 117 102
44 118 3
44 119 84
45 46 65
45 47 35
45 48 28
45 49 92
45 50 99
45 51 42
45 52 53
45 53 69
45 54 6
45 55 14
45 56 17
45 57 51
45 58 8
45 59 16
45 60 44
45 61 77
45 62 11
45 63 52
45 64 21
45 65 39
45 66 12
45 67 28
45 68 36
45 69 23
45 70 5
45 71 82
45 72 5
45 73 64
45 74 87
45 75 57
45 76 73
45 77 16
45 78 17
45 79 61
45 80 92
45 81 36
45 82 88
45 83 31
45 84 79
45 85 74
45 86 75
45 87 20
45 88 47
45 89 97
45 90 50
45 91 102
45 92 79
45 93 101
45 94 48
45 95 58
45 96 100
45 97 18
45 98 23
45 99 54
45 100 68
45 101 6
45 102 59
45 103 95
45 104 13
45 105 52
45 106 51
45 107 93
45 108 30
45 109 68
45 110 16
45 111 5
45 112 65
45 113 104
45 114 64
45 115 6
45 116 97
45 117 13
45 118 97
45 119 40
46 47 18
46 48 6
46 49 82
46 50 40
46 51 62
46 52 75
46 53 7
46 54 62
46 55 102
46 56 25
46 57 73
46 58 104
46 59 27
46 60 96
46 61 87
46 62 97
46 63 93
46 64 76
46 65 57
46 66 83
46 67 53
46 68 37
46 69 85
46 70 89
46 71 10
46 72 29
46 73 21
46 74 90
46 75 76
46 76 95
46 77 101
46 78 85
46 79 25
46 80 29
46 81 36
46 82 20
46 83 11
46 84 84
46 85 89
46 86 4
46 87 44
46 88 22
46 89 98
46 90 64
46 91 55
46 92 81
46 93 30
46 94 98
46 95 99
46 96 96
46 97 79
46 98 44
46 99 56
46 100 13
46 101 69
46 102 71
46 103 9
46 104 8
46 105 36
46 106 99
46 107 98
46 108 80
46 109 102
46 110 74
46 111 48
46 112 51
46 113 76
46 114 81
46 115 49
46 116 91
46 117 50
46 118 69
46 119 51
47 48 8
47 49 73
47 50 33
47 51 87
47 52 83
47 53 28
47 54 40
47 55 66
47 56 11
47 57 60
47 58 54
47 59 63
47 60 50
47 61 77
47 62 87
47 63 19
47 64 6
47 65 77
47 66 12
47 67 71
47 68 70
47 69 54
47 70 102
47 71 62
47 72 100
47 73 44
47 74 13
47 75 54
47 76 85
47 77 71
47 78 102
47 79 7
47 80 52
47 81 69
47 82 94
47 83 50
47 84 74
47 85 89
47 86 16
47 87 84
47 88 102
47 89 92
47 90 57
47 91 20
47 92 60
47 93 55
47 94 54
47 95 77
47 96 3
47 97 98
47 98 13
47 99 4
47 100 53
47 101 74
47 102 20
47 103 62
47 104 51
47 105 36
47 106 15
47 107 99
47 108 12
47 109 11
47 110 10
47 111 4
47 112 24
47 113 40
47 114 55
47 115 45
47 116 27
47 117 94
47 118 47
47 119 57
48 49 66
48 50 35
48 51 58
48 52 4
48 53 69
48 54 67
48 55 24
48 56 83
48 57 44
48 58 37
48 59 69
48 60 18
48 61 33
48 62 75
48 63 67
48 64 60
48 65 58
48 66 83
48 67 80
48 68 52
48 69 51
48 70 80
48 71 69
48 72 42
48 73 50
48 74 23
48 75 21
48 76 87
48 77 71
48 78 20
48 79 75
48 80 35
48 81 7
48 82 87
48 83 71
48 84 94
48 85 61
48 86 29
48 87 29
48 88 42
48 89 99
48 90 27
48 91 69
48 92 57
48 93 47
48 94 75
48 95 26
48 96 30
48 97 32
48 98 36
48 99 35
48 100 73
48 101 50
48 102 46
48 103 43
48 104 23
48 105 85
48 106 93
48 107 40
48 108 20
48 109 84
48 110 104
48 111 43
48 112 44
48 113 12
48 114 30
48 115 73
48 116 22
48 117 44
48 118 23
48 119 82
49 50 35
49 51 32
49 52 42
49 53 88
49 54 78
49 55 85
49 56 62
49 57 80
49 58 9
49 59 59
49 60 93
49 61 32
49 62 3
49 63 13
49 64 51
49 65 18
49 66 86
49 67 48
49 68 60
49 69 64
49 70 56
49 71 30
49 72 26
49 73 91
49 74 4
49 75 63
49 76 27
49 77 88
49 78 66
49 79 23
49 80 24
49 81 86
49 82 24
49 83 73
49 84 53
49 85 53
49 86 79
49 87 25
49 88 41
49 89 30
49 90 28
49 91 47
49 92 73
49 93 18
49 94 51
49 95 99
49 96 6
49 97 51
49 98 31
49 99 12
49 100 9
49 101 67
49 102 83
49 103 89
49 104 43
49 105 58
49 106 64
49 107 14
49 108 74
49 109 82
49 110 74
49 111 80
49 112 70
49 113 83
49 114 55
49 115 33
49 116 64
49 117 78
49 118 7
49 119 74
50 51 10
50 52 39
50 53 19
50 54 93
50 55 76
50 56 41
50 57 43
50 58 80
50 59 13
50 60 56
50 61 75
50 62 60
50 63 60
50 64 77
50 65 39
50 66 82
50 67 95
50 68 28
50 69 60
50 70 82
50 71 48
50 72 82
50 73 43
50 74 43
50 75 97
50 76 44
50 77 75
50 78 45
50 79 41
50 80 46
50 81 48
50 82 71
50 83 48
50 84 41
50 85 75
50 86 87
50 87 32
50 88 3
50 89 84
50 90 24
50 91 40
50 92 53
50 93 4
50 94 11
50 95 58
50 96 58
50 97 17
50 98 43
50 99 16
50 100 55
50 101 100
50 102 43
50 103 57
50 104 58
50 105 99
50 106 69
50 107 47
50 108 84
50 109 59
50 110 14
50 111 72
50 112 36
50 113 23
50 114 96
50 115 72
50 116 38
50 117 94
50 118 64
50 119 29
51 52 51
51 53 38
51 54 31
51 55 82
51 56 16
51 57 61
51 58 8
51 59 14
51 60 18
51 61 15
51 62 44
51 63 26
51 64 22
51 65 80
51 66 87
51 67 57
51 68 74
51 69 88
51 70 49
51 71 44
51 72 100
51 73 19
51 74 89
51 75 72
51 76 9
51 77 78
51 78 78
51 79 102
51 80 88
51 81 75
51 82 9
51 83 85
51 84 26
51 85 9
51 86 11
51 87 69
51 88 58
51 89 65
51 90 80
51 91 27
51 92 86
51 93 27
51 94 79
51 95 85
51 96 38
51 97 90
51 98 35
51 99 89
51 100 7
51 101 79
51 102 94
51 103 35
51 104 58
51 105 89
51 106 42
51 107 33
51 108 55
51 109 10
51 110 47
51 111 85
51 112 7
51 113 45
51 114 37
51 115 30
51 116 43
51 117 19
51 118 14
51 119 71
52 53 60
52 54 6
52 55 30
52 56 70
52 57 54
52 58 55
52 59 59
52 60 23
52 61 68
52 62 14
52 63 43
52 64 60
52 65 10
52 66 88
52 67 71
52 68 87
52 69 12
52 70 7
52 71 78
52 72 45
52 73 76
52 74 52
52 75 89
52 76 66
52 77 58
52 78 34
52 79 32
52 80 51
52 81 62
52 82 77
52 83 56
52 84 55
52 85 17
52 86 84
52 87 55
52 88 72
52 89 21
52 90 75
52 91 78
52 92 57
52 93 30
52 94 20
52 95 53
52 96 100
52 97 52
52 98 51
52 99 66
52 100 102
52 101 98
52 102 49
52 103 37
52 104 15
52 105 10
52 106 67
52 107 10
52 108 47
52 109 35
52 110 22
52 111 94
52 112 23
52 113 7
52 114 54
52 115 34
52 116 11
52 117 41
52 118 84
52 119 85
53 54 100
53 55 33
53 56 28
53 57 41
53 58 21
53 59 53
53 60 81
53 61 77
53 62 89
53 63 47
53 64 90
53 65 57
53 66 4
53 67 77
53 68 15
53 69 79
53 70 14
53 71 101
53 72 43
53 73 17
53 74 98
53 75 76
53 76 77
53 77 48
53 78 43
53 79 35
53 80 68
53 81 23
53 82 70
53 83 50
53 84 67
53 85 41
53 86 39
53 87 17
53 88 20
53 89 35
53 90 77
53 91 31
53 92 55
53 93 94
53 94 46
53 95 26
53 96 79
53 97 4
53 98 80
53 99 41
53 100 82
53 101 10
53 102 38
53 103 39
53 104 21
53 105 59
53 106 96
53 107 93
53 108 40
53 109 100
53 110 94
53 111 38
53 112 3
53 113 61
53 114 56
53 115 76
53 116 79
53 117 20
53 118 97
53 119 35
54 55 23
54 56 3
54 57 32
54 58 68
54 59 57
54 60 41
54 61 13
54 62 96
54 63 88
54 64 60
54 65 73
54 66 75
54 67 21
54 68 64
54 69 64
54 70 13
54 71 37
54 72 29
54 73 81
54 74 101
54 75 72
54 76 6
54 77 6
54 78 46
54 79 92
54 80 90
54 81 97
54 82 60
54 83 91
54 84 13
54 85 72
54 86 75
54 87 91
54 88 42
54 89 16
54 90 75
54 91 16
54 92 33
54 93 83
54 94 28
54 95 36
54 96 32
54 97 95
54 98 56
54 99 16
54 100 61
54 101 24
54 102 26
54 103 50
54 104 92
54 105 16
54 106 87
54 107 91
54 108 51
54 109 73
54 110 5
54 111 53
54 112 4
54 113 66
54 114 29
54 115 5
54 116 9
54 117 39
54 118 102
54 119 15
55 56 52
55 57 26
55 58 72
55 59 12
55 60 35
55 61 100
55 62 65
55 63 30
55 64 4
55 65 48
55 66 23
55 67 80
55 68 71
55 69 24
55 70 26
55 71 64
55 72 6
55 73 94
55 74 74
55 75 37
55 76 46
55 77 84
55 78 95
55 79 14
55 80 20
55 81 78
55 82 74
55 83 72
55 84 43
55 85 13
55 86 58
55 87 91
55 88 6
55 89 94
55 90 40
55 91 83
55 92 34
55 93 16
55 94 36
55 95 104
55 96 80
55 97 94
55 98 46
55 99 70
55 100 88
55 101 75
55 102 27
55 103 23
55 104 7
55 105 29
55 106 25
55 107 87
55 108 17
55 109 101
55 110 79
55 111 26
55 112 25
55 113 28
55 114 26
55 115 101
55 116 89
55 117 64
55 118 34
55 119 22
56 57 97
56 58 96
56 59 30
56 60 83
56 61 17
56 62 41
56 63 15
56 64 97
56 65 26
56 66 85
56 67 10
56 68 12
56 69 40
56 70 84
56 71 75
56 72 95
56 73 52
56 74 10
56 75 102
56 76 32
56 77 14
56 78 69
56 79 43
56 80 57
56 81 18
56 82 76
56 83 66
56 84 28
56 85 4
56 86 65
56 87 78
56 88 44
56 89 62
56 90 40
56 91 63
56 92 70
56 93 17
56 94 69
56 95 98
56 96 83
56 97 81
56 98 62
56 99 17
56 100 8
56 101 67
56 102 45
56 103 3
56 104 6
56 105 53
56 106 48
56 107 75
56 108 94
56 109 65
56 110 47
56 111 11
56 112 12
56 113 59
56 114 82
56 115 83
56 116 3
56 117 39
56 118 99
56 119 28
57 58 14
57 59 104
57 60 39
57 61 8
57 62 9
57 63 42
57 64 104
57 65 81
57 66 93
57 67 24
57 68 104
57 69 28
57 70 8
57 71 22
57 72 97
57 73 9
57 74 86
57 75 42
57 76 23
57 77 54
57 78 7
57 79 96
57 80 40
57 81 25
57 82 79
57 83 33
57 84 39
57 85 90
57 86 61
57 87 69
57 88 13
57 89 51
57 90 39
57 91 18
57 92 9
57 93 84
57 94 6
57 95 98
57 96 5
57 97 71
57 98 86
57 99 98
57 100 92
57 101 88
57 102 59
57 103 78
57 104 18
57 105 3
57 106 38
57 107 36
57 108 51
57 109 47
57 110 53
57 111 33
57 112 73
57 113 10
57 114 51
57 115 41
57 116 74
57 117 25
57 118 8
57 119 64
58 59 48
58 60 48
58 61 10
58 62 79
58 63 42
58 64 42
58 65 76
58 66 9
58 67 49
58 68 52
58 69 104
58 70 76
58 71 100
58 72 89
58 73 97
58 74 28
58 75 104
58 76 73
58 77 34
58 78 46
58 79 16
58 80 7
58 81 84
58 82 74
58 83 32
58 84 8
58 85 22
58 86 88
58 87 104
58 88 95
58 89 63
58 90 46
58 91 54
58 92 85
58 93 53
58 94 66
58 95 29
58 96 54
58 97 56
58 98 37
58 99 46
58 100 29
58 101 3
58 102 82
58 103 77
58 104 71
58 105 70
58 106 96
58 107 61
58 108 29
58 109 74
58 110 79
58 111 28
58 112 33
58 113 30
58 114 23
58 115 95
58 116 104
58 117 39
58 118 59
58 119 49
59 60 53
59 61 10
59 62 92
59 63 85
59 64 100
59 65 24
59 66 7
59 67 38
59 68 56
59 69 54
59 70 75
59 71 37
59 72 67
59 73 61
59 74 39
59 75 12
59 76 57
59 77 93
59 78 99
59 79 66
59 80 98
59 81 4
59 82 52
59 83 65
59 84 84
59 85 15
59 86 48
59 87 72
59 88 31
59 89 4
59 90 25
59 91 3
59 92 77
59 93 69
59 94 10
59 95 14
59 96 30
59 97 25
59 98 24
59 99 15
59 100 74
59 101 60
59 102 100
59 103 26
59 104 15
59 105 7
59 106 60
59 107 29
59 108 96
59 109 45
59 110 29
59 111 41
59 112 54
59 113 36
59 114 66
59 115 13
59 116 12
59 117 94
59 118 70
59 119 43
60 61 97
60 62 23
60 63 53
60 64 23
60 65 20
60 66 90
60 67 43
60 68 30
60 69 61
60 70 76
60 71 25
60 72 42
60 73 48
60 74 18
60 75 72
60 76 5
60 77 16
60 78 80
60 79 31
60 80 68
60 81 94
60 82 87
60 83 29
60 84 44
60 85 80
60 86 52
60 87 48
60 88 19
60 89 38
60 90 79
60 91 41
60 92 70
60 93 96
60 94 31
60 95 69
60 96 53
60 97 41
60 98 84
60 99 27
60 100 59
60 101 16
60 102 63
60 103 58
60 104 77
60 105 26
60 106 59
60 107 16
60 108 46
60 109 102
60 110 23
60 111 86
60 112 30
60 113 93
60 114 20
60 115 56
60 116 48
60 117 58
60 118 54
60 119 84
61 62 85
61 63 33
61 64 78
61 65 15
61 66 24
61 67 6
61 68 27
61 69 71
61 70 46
61 71 30
61 72 70
61 73 92
61 74 97
61 75 52
61 76 23
61 77 102
61 78 78
61 79 62
61 80 64
61 81 17
61 82 74
61 83 65
61 84 43
61 85 70
61 86 19
61 87 6
61 88 3
61 89 19
61 90 64
61 91 54
61 92 17
61 93 92
61 94 56
61 95 87
61 96 8
61 97 8
61 98 61
61 99 59
61 100 67
61 101 53
61 102 8
61 103 67
61 104 85
61 105 81
61 106 37
61 107 76
61 108 46
61 109 7
61 110 24
61 111 45
61 112 36
61 113 19
61 114 104
61 115 81
61 116 74
61 117 28
61 118 78
61 119 69
62 63 59
62 64 3
62 65 50
62 66 71
62 67 5
62 68 47
62 69 26
62 70 46
62 71 70
62 72 83
62 73 80
62 74 31
62 75 32
62 76 92
62 77 90
62 78 36
62 79 11
62 80 50
62 81 76
62 82 58
62 83 100
62 84 89
62 85 36
62 86 82
62 87 28
62 88 57
62 89 50
62 90 54
62 91 72
62 92 87
62 93 18
62 94 27
62 95 56
62 96 51
62 97 21
62 98 59
62 99 77
62 100 10
62 101 17
62 102 94
62 103 37
62 104 12
62 105 59
62 106 25
62 107 53
62 108 46
62 109 33
62 110 30
62 111 47
62 112 64
62 113 89
62 114 45
62 115 99
62 116 28
62 117 78
62 118 49
62 119 104
63 64 15
63 65 93
63 66 101
63 67 47
63 68 82
63 69 75
63 70 85
63 71 15
63 72 32
63 73 88
63 74 63
63 75 18
63 76 22
63 77 83
63 78 91
63 79 63
63 80 17
63 81 10
63 82 62
63 83 46
63 84 88
63 85 75
63 86 43
63 87 65
63 88 38
63 89 5
63 90 59
63 91 76
63 92 40
63 93 70
63 94 94
63 95 104
63 96 97
63 97 52
63 98 102
63 99 20
63 100 24
63 101 84
63 102 41
63 103 35
63 104 27
63 105 51
63 106 92
63 107 80
63 108 19
63 109 53
63 110 52
63 111 12
63 112 55
63 113 4
63 114 102
63 115 70
63 116 79
63 117 82
63 118 71
63 119 50
64 65 56
64 66 82
64 67 81
64 68 66
64 69 59
64 70 4
64 71 54
64 72 69
64 73 69
64 74 96
64 75 23
64 76 93
64 77 99
64 78 61
64 79 24
64 80 60
64 81 88
64 82 40
64 83 56
64 84 68
64 85 30
64 86 76
64 87 17
64 88 82
64 89 40
64 90 22
64 91 64
64 92 76
64 93 6
64 94 79
64 95 98
64 96 5
64 97 89
64 98 74
64 99 23
64 100 25
64 101 97
64 102 27
64 103 28
64 104 67
64 105 96
64 106 31
64 107 82
64 108 91
64 109 33
64 110 40
64 111 69
64 112 66
64 113 23
64 114 38
64 115 5
64 116 74
64 117 78
64 118 81
64 119 69
65 66 29
65 67 56
65 68 98
65 69 102
65 70 99
65 71 28
65 72 27
65 73 82
65 74 4
65 75 8
65 76 99
65 77 37
65 78 80
65 79 89
65 80 34
65 81 81
65 82 90
65 83 9
65 84 47
65 85 100
65 86 35
65 87 96
65 88 35
65 89 6
65 90 63
65 91 27
65 92 89
65 93 99
65 94 46
65 95 5
65 96 82
65 97 98
65 98 64
65 99 13
65 100 15
65 101 96
65 102 9
65 103 53
65 104 89
65 105 99
65 106 72
65 107 55
65 108 31
65 109 56
65 110 52
65 111 87
65 112 37
65 113 72
65 114 24
65 115 53
65 116 39
65 117 62
65 118 72
65 119 62
66 67 12
66 68 88
66 69 65
66 70 87
66 71 25
66 72 80
66 73 11
66 74 9
66 75 48
66 76 48
66 77 13
66 78 38
66 79 8
66 80 51
66 81 17
66 82 46
66 83 104
66 84 48
66 85 33
66 86 71
66 87 39
66 88 33
66 89 25
66 90 46
66 91 16
66 92 72
66 93 26
66 94 70
66 95 32
66 96 28
66 97 10
66 98 50
66 99 79
66 100 36
66 101 12
66 102 81
66 103 21
66 104 79
66 105 17
66 106 62
66 107 99
66 108 40
66 109 79
66 110 85
66 111 104
66 112 53
66 113 8
66 114 84
66 115 41
66 116 16
66 117 48
66 118 69
66 119 84
67 68 50
67 69 104
67 70 5
67 71 87
67 72 25
67 73 101
67 74 94
67 75 101
67 76 5
67 77 27
67 78 41
67 79 19
67 80 58
67 81 22
67 82 63
67 83 40
67 84 41
67 85 61
67 86 23
67 87 50
67 88 56
67 89 35
67 90 63
67 91 28
67 92 39
67 93 99
67 94 85
67 95 41
67 96 15
67 97 84
67 98 24
67 99 12
67 100 51
67 101 77
67 102 26
67 103 85
67 104 27
67 105 27
67 106 96
67 107 49
67 108 73
67 109 5
67 110 65
67 111 30
67 112 65
67 113 78
67 114 67
67 115 32
67 116 35
67 117 23
67 118 6
67 119 64
68 69 9
68 70 76
68 71 60
68 72 98
68 73 36
68 74 96
68 75 93
68 76 64
68 77 76
68 78 62
68 79 60
68 80 19
68 81 99
68 82 75
68 83 52
68 84 86
68 85 38
68 86 53
68 87 26
68 88 101
68 89 16
68 90 19
68 91 17
68 92 79
68 93 4
68 94 39
68 95 47
68 96 23
68 97 30
68 98 69
68 99 18
68 100 70
68 101 8
68 102 25
68 103 87
68 104 45
68 105 24
68 106 15
68 107 46
68 108 63
68 109 102
68 110 101
68 111 44
68 112 5
68 113 19
68 114 49
68 115 51
68 116 101
68 117 56
68 118 48
68 119 11
69 70 98
69 71 51
69 72 18
69 73 33
69 74 50
69 75 59
69 76 20
69 77 42
69 78 65
69 79 81
69 80 25
69 81 72
69 82 39
69 83 23
69 84 19
69 85 17
69 86 54
69 87 63
69 88 37
69 89 78
69 90 84
69 91 23
69 92 45
69 93 3
69 94 47
69 95 93
69 96 43
69 97 65
69 98 67
69 99 101
69 100 80
69 101 8
69 102 78
69 103 42
69 104 42
69 105 102
69 106 69
69 107 24
69 108 26
69 109 27
69 110 13
69 111 37
69 112 7
69 113 66
69 114 87
69 115 23
69 116 62
69 117 60
69 118 102
69 119 74
70 71 42
70 72 45
70 73 51
70 74 52
70 75 6
70 76 32
70 77 91
70 78 28
70 79 102
70 80 54
70 81 99
70 82 83
70 83 22
70 84 86
70 85 62
70 86 46
70 87 36
70 88 21
70 89 55
70 90 69
70 91 58
70 92 41
70 93 98
70 94 45
70 95 58
70 96 19
70 97 67
70 98 70
70 99 47
70 100 30
70 101 43
70 102 34
70 103 93
70 104 100
70 105 97
70 106 84
70 107 43
70 108 31
70 109 87
70 110 74
70 111 66
70 112 52
70 113 41
70 114 45
70 115 22
70 116 42
70 117 45
70 118 68
70 119 70
71 72 21
71 73 16
71 74 37
71 75 27
71 76 21
71 77 6
71 78 12
71 79 55
71 80 21
71 81 64
71 82 18
71 83 54
71 84 60
71 85 34
71 86 28
71 87 53
71 88 69
71 89 100
71 90 15
71 91 88
71 92 102
71 93 65
71 94 18
71 95 35
71 96 28
71 97 46
71 98 86
71 99 13
71 100 23
71 101 104
71 102 83
71 103 41
71 104 67
71 105 74
71 106 88
71 107 101
71 108 50
71 109 4
71 110 42
71 111 55
71 112 44
71 113 6
71 114 60
71 115 49
71 116 4
71 117 45
71 118 62
71 119 29
72 73 55
72 74 97
72 75 76
72 76 65
72 77 50
72 78 38
72 79 46
72 80 40
72 81 95
72 82 8
72 83 91
72 84 56
72 85 31
72 86 26
72 87 20
72 88 4
72 89 59
72 90 48
72 91 31
72 92 27
72 93 40
72 94 94
72 95 30
72 96 52
72 97 91
72 98 57
72 99 3
72 100 55
72 101 60
72 102 83
72 103 17
72 104 67
72 105 95
72 106 78
72 107 29
72 108 19
72 109 40
72 110 27
72 111 100
72 112 51
72 113 42
72 114 33
72 115 24
72 116 13
72 117 3
72 118 45
72 119 46
73 74 30
73 75 86
73 76 35
73 77 69
73 78 20
73 79 76
73 80 27
73 81 55
73 82 96
73 83 92
73 84 84
73 85 41
73 86 31
73 87 88
73 88 33
73 89 6
73 90 25
73 91 13
73 92 16
73 93 39
73 94 40
73 95 59
73 96 68
73 97 92
73 98 23
73 99 102
73 100 77
73 101 39
73 102 32
73 103 11
73 104 72
73 105 94
73 106 97
73 107 32
73 108 60
73 109 82
73 110 40
73 111 23
73 112 31
73 113 31
73 114 100
73 115 42
73 116 44
73 117 81
73 118 64
73 119 74
74 75 4
74 76 51
74 77 47
74 78 10
74 79 40
74 80 21
74 81 53
74 82 58
74 83 18
74 84 76
74 85 102
74 86 18
74 87 102
74 88 84
74 89 93
74 90 83
74 91 69
74 92 84
74 93 3
74 94 32
74 95 101
74 96 9
74 97 50
74 98 82
74 99 82
74 100 68
74 101 4
74 102 85
74 103 33
74 104 68
74 105 59
74 106 69
74 107 45
74 108 8
74 109 44
74 110 75
74 111 31
74 112 41
74 113 14
74 114 49
74 115 94
74 116 64
74 117 52
74 118 62
74 119 91
75 76 58
75 77 80
75 78 18
75 79 78
75 80 78
75 81 74
75 82 33
75 83 23
75 84 8
75 85 43
75 86 75
75 87 30
75 88 34
75 89 38
75 90 20
75 91 72
75 92 79
75 93 6
75 94 32
75 95 29
75 96 36
75 97 20
75 98 98
75 99 31
75 100 91
75 101 67
75 102 32
75 103 5
75 104 80
75 105 40
75 106 44
75 107 97
75 108 6
75 109 51
75 110 76
75 111 20
75 112 42
75 113 94
75 114 76
75 115 101
75 116 42
75 117 80
75 118 43
75 119 37
76 77 23
76 78 76
76 79 4
76 80 35
76 81 39
76 82 100
76 83 97
76 84 104
76 85 56
76 86 7
76 87 5
76 88 84
76 89 34
76 90 99
76 91 86
76 92 54
76 93 48
76 94 88
76 95 41
76 96 81
76 97 41
76 98 64
76 99 90
76 100 6
76 101 65
76 102 69
76 103 101
76 104 30
76 105 63
76 106 46
76 107 11
76 108 14
76 109 22
76 110 92
76 111 61
76 112 60
76 113 93
76 114 32
76 115 47
76 116 54
76 117 86
76 118 7
76 119 29
77 78 50
77 79 59
77 80 14
77 81 31
77 82 16
77 83 89
77 84 18
77 85 77
77 86 56
77 87 59
77 88 95
77 89 45
77 90 7
77 91 102
77 92 28
77 93 73
77 94 95
77 95 92
77 96 46
77 97 62
77 98 104
77 99 76
77 100 6
77 101 8
77 102 87
77 103 41
77 104 40
77 105 30
77 106 16
77 107 76
77 108 68
77 109 52
77 110 9
77 111 47
77 112 22
77 113 41
77 114 3
77 115 67
77 116 62
77 117 44
77 118 8
77 119 34
78 79 77
78 80 99
78 81 100
78 82 4
78 83 88
78 84 82
78 85 79
78 86 34
78 87 47
78 88 97
78 89 12
78 90 96
78 91 59
78 92 56
78 93 20
78 94 20
78 95 81
78 96 84
78 97 34
78 98 36
78 99 31
78 100 19
78 101 93
78 102 99
78 103 23
78 104 90
78 105 93
78 106 44
78 107 42
78 108 78
78 109 14
78 110 4
78 111 30
78 112 7
78 113 17
78 114 11
78 115 101
78 116 57
78 117 19
78 118 8
78 119 31
79 80 101
79 81 16
79 82 61
79 83 21
79 84 67
79 85 30
79 86 6
79 87 60
79 88 94
79 89 60
79 90 15
79 91 87
79 92 8
79 93 47
79 94 47
79 95 33
79 96 63
79 97 11
79 98 104
79 99 86
79 100 92
79 101 68
79 102 90
79 103 49
79 104 79
79 105 60
79 106 72
79 107 4
79 108 40
79 109 16
79 110 64
79 111 66
79 112 25
79 113 77
79 114 43
79 115 19
79 116 90
79 117 53
79 118 66
79 119 96
80 81 90
80 82 90
80 83 60
80 84 18
80 85 13
80 86 84
80 87 10
80 88 76
80 89 70
80 90 82
80 91 65
80 92 46
80 93 48
80 94 26
80 95 70
80 96 19
80 97 69
80 98 53
80 99 25
80 100 6
80 101 62
80 102 83
80 103 58
80 104 49
80 105 55
80 106 72
80 107 3
80 108 4
80 109 26
80 110 46
80 111 80
80 112 28
80 113 101
80 114 29
80 115 92
80 116 57
80 117 29
80 118 29
80 119 68
81 82 102
81 83 35
81 84 93
81 85 79
81 86 93
81 87 86
81 88 82
81 89 73
81 90 48
81 91 90
81 92 77
81 93 56
81 94 42
81 95 67
81 96 95
81 97 18
81 98 84
81 99 33
81 100 75
81 101 72
81 102 98
81 103 73
81 104 3
81 105 76
81 106 96
81 107 53
81 108 34
81 109 31
81 110 46
81 111 28
81 112 28
81 113 14
81 114 66
81 115 54
81 116 75
81 117 8
81 118 78
81 119 25
82 83 80
82 84 71
82 85 43
82 86 31
82 87 85
82 88 72
82 89 33
82 90 84
82 91 29
82 92 10
82 93 50
82 94 40
82 95 42
82 96 10
82 97 89
82 98 53
82 99 62
82 100 86
82 101 85
82 102 24
82 103 32
82 104 5
82 105 11
82 106 51
82 107 57
82 108 40
82 109 21
82 110 91
82 111 27
82 112 100
82 113 50
82 114 42
82 115 93
82 116 32
82 117 101
82 118 86
82 119 97
83 84 49
83 85 6
83 86 65
83 87 3
83 88 96
83 89 52
83 90 67
83 91 93
83 92 53
83 93 45
83 94 12
83 95 62
83 96 21
83 97 42
83 98 42
83 99 71
83 100 68
83 101 53
83 102 97
83 103 81
83 104 93
83 105 101
83 106 68
83 107 46
83 108 90
83 109 7
83 110 17
83 111 47
83 112 13
83 113 22
83 114 38
83 115 89
83 116 69
83 117 6
83 118 41
83 119 91
84 85 5
84 86 88
84 87 25
84 88 71
84 89 35
84 90 86
84 91 40
84 92 31
84 93 71
84 94 70
84 95 41
84 96 87
84 97 57
84 98 42
84 99 71
84 100 58
84 101 92
84 102 31
84 103 5
84 104 52
84 105 45
84 106 64
84 107 60
84 108 31
84 109 12
84 110 31
84 111 57
84 112 96
84 113 71
84 114 89
84 115 89
84 116 47
84 117 27
84 118 23
84 119 41
85 86 14
85 87 47
85 88 12
85 89 94
85 90 66
85 91 52
85 92 12
85 93 40
85 94 64
85 95 28
85 96 65
85 97 36
85 98 82
85 99 9
85 100 37
85 101 44
85 102 76
85 103 48
85 104 12
85 105 53
85 106 27
85 107 43
85 108 20
85 109 10
85 110 46
85 111 40
85 112 48
85 113 54
85 114 30
85 115 72
85 116 56
85 117 37
85 118 66
85 119 57
86 87 55
86 88 31
86 89 26
86 90 22
86 91 99
86 92 83
86 93 41
86 94 10
86 95 35
86 96 55
86 97 28
86 98 23
86 99 5
86 100 89
86 101 11
86 102 4
86 103 15
86 104 76
86 105 29
86 106 31
86 107 55
86 108 9
86 109 56
86 110 54
86 111 42
86 112 96
86 113 46
86 114 86
86 115 9
86 116 30
86 117 8
86 118 3
86 119 27
87 88 17
87 89 97
87 90 45
87 91 60
87 92 53
87 93 62
87 94 79
87 95 71
87 96 51
87 97 101
87 98 9
87 99 100
87 100 33
87 101 32
87 102 41
87 103 21
87 104 82
87 105 44
87 106 42
87 107 11
87 108 50
87 109 52
87 110 14
87 111 72
87 112 95
87 113 71
87 114 64
87 115 63
87 116 21
87 117 47
87 118 39
87 119 13
88 89 69
88 90 20
88 91 49
88 92 100
88 93 28
88 94 90
88 95 102
88 96 49
88 97 81
88 98 51
88 99 57
88 100 48
88 101 90
88 102 87
88 103 45
88 104 72
88 105 48
88 106 3
88 107 55
88 108 20
88 109 71
88 110 37
88 111 61
88 112 77
88 113 66
88 114 74
88 115 22
88 116 25
88 117 63
88 118 53
88 119 52
89 90 55
89 91 45
89 92 4
89 93 34
89 94 48
89 95 14
89 96 59
89 97 55
89 98 43
89 99 32
89 100 81
89 101 63
89 102 99
89 103 54
89 104 26
89 105 12
89 106 94
89 107 71
89 108 94
89 109 29
89 110 58
89 111 32
89 112 11
89 113 34
89 114 74
89 115 71
89 116 8
89 117 97
89 118 53
89 119 95
90 91 16
90 92 26
90 93 34
90 94 86
90 95 72
90 96 96
90 97 22
90 98 42
90 99 19
90 100 49
90 101 90
90 102 85
90 103 32
90 104 90
90 105 39
90 106 99
90 107 86
90 108 29
90 109 100
90 110 66
90 111 22
90 112 99
90 113 99
90 114 34
90 115 10
90 116 19
90 117 40
90 118 71
90 119 10
91 92 29
91 93 26
91 94 17
91 95 24
91 96 100
91 97 38
91 98 100
91 99 93
91 100 64
91 101 25
91 102 101
91 103 58
91 104 26
91 105 102
91 106 47
91 107 37
91 108 27
91 109 95
91 110 43
91 111 61
91 112 93
91 113 73
91 114 61
91 115 9
91 116 9
91 117 33
91 118 77
91 119 3
92 93 55
92 94 25
92 95 99
92 96 65
92 97 54
92 98 27
92 99 71
92 100 78
92 101 58
92 102 9
92 103 104
92 104 39
92 105 40
92 106 26
92 107 81
92 108 77
92 109 77
92 110 60
92 111 90
92 112 69
92 113 22
92 114 86
92 115 27
92 116 7
92 117 45
92 118 77
92 119 78
93 94 27
93 95 98
93 96 17
93 97 8
93 98 13
93 99 78
93 100 86
93 101 54
93 102 93
93 103 78
93 104 10
93 105 19
93 106 6
93 107 102
93 108 10
93 109 23
93 110 83
93 111 24
93 112 13
93 113 19
93 114 44
93 115 38
93 116 6
93 117 77
93 118 30
93 119 99
94 95 18
94 96 70
94 97 18
94 98 3
94 99 86
94 100 79
94 101 29
94 102 88
94 103 18
94 104 76
94 105 41
94 106 18
94 107 62
94 108 14
94 109 4
94 110 42
94 111 45
94 112 18
94 113 13
94 114 46
94 115 70
94 116 7
94 117 97
94 118 45
94 119 24
95 96 52
95 97 13
95 98 87
95 99 7
95 100 68
95 101 99
95 102 46
95 103 41
95 104 76
95 105 84
95 106 20
95 107 79
95 108 54
95 109 74
95 110 53
95 111 56
95 112 85
95 113 63
95 114 34
95 115 96
95 116 20
95 117 52
95 118 65
95 119 4
96 97 11
96 98 81
96 99 44
96 100 85
96 101 54
96 102 51
96 103 14
96 104 61
96 105 71
96 106 83
96 107 42
96 108 47
96 109 72
96 110 25
96 111 89
96 112 67
96 113 30
96 114 5
96 115 74
96 116 14
96 117 65
96 118 24
96 119 56
97 98 61
97 99 96
97 100 95
97 101 100
97 102 12
97 103 76
97 104 98
97 105 32
97 106 45
97 107 35
97 108 17
97 109 45
97 110 7
97 111 57
97 112 100
97 113 64
97 114 59
97 115 70
97 116 60
97 117 76
97 118 55
97 119 19
98 99 16
98 100 79
98 101 75
98 102 47
98 103 96
98 104 81
98 105 5
98 106 97
98 107 45
98 108 31
98 109 49
98 110 43
98 111 59
98 112 38
98 113 87
98 114 53
98 115 78
98 116 93
98 117 50
98 118 25
98 119 69
99 100 24
99 101 45
99 102 45
99 103 89
99 104 36
99 105 46
99 106 99
99 107 28
99 108 88
99 109 58
99 110 84
99 111 60
99 112 32
99 113 37
99 114 65
99 115 77
99 116 69
99 117 37
99 118 47
99 119 51
100 101 46
100 102 50
100 103 61
100 104 74
100 105 78
100 106 44
100 107 61
100 108 74
100 109 102
100 110 50
100 111 3
100 112 87
100 113 75
100 114 13
100 115 25
100 116 81
100 117 79
100 118 19
100 119 87
101 102 35
101 103 23
101 104 49
101 105 64
101 106 80
101 107 72
101 108 51
101 109 33
101 110 6
101 111 53
101 112 61
101 113 58
101 114 19
101 115 88
101 116 66
101 117 18
101 118 26
101 119 25
102 103 35
102 104 67
102 105 38
102 106 100
102 107 66
102 108 17
102 109 74
102 110 21
102 111 33
102 112 32
102 113 77
102 114 85
102 115 82
102 116 60
102 117 65
102 118 88
102 119 70
103 104 91
103 105 34
103 106 3
103 107 92
103 108 35
103 109 62
103 110 91
103 111 38
103 112 16
103 113 90
103 114 21
103 115 68
103 116 57
103 117 24
103 118 27
103 119 85
104 105 92
104 106 95
104 107 14
104 108 32
104 109 71
104 110 89
104 111 3
104 112 65
104 113 104
104 114 56
104 115 44
104 116 91
104 117 48
104 118 74
104 119 39
105 106 14
105 107 39
105 108 73
105 109 79
105 110 63
105 111 62
105 112 10
105 113 38
105 114 12
105 115 19
105 116 10
105 117 67
105 118 67
105 119 58
106 107 85
106 108 38
106 109 35
106 110 52
106 111 69
106 112 59
106 113 94
106 114 25
106 115 83
106 116 102
106 117 4
106 118 69
106 119 22
107 108 32
107 109 39
107 110 5
107 111 30
107 112 72
107 113 53
107 114 79
107 115 34
107 116 93
107 117 30
107 118 96
107 119 80
108 109 40
108 110 64
108 111 79
108 112 17
108 113 14
108 114 101
108 115 78
108 116 101
108 117 8
108 118 7
108 119 89
109 110 7
109 111 51
109 112 84
109 113 47
109 114 39
109 115 90
109 116 96
109 117 92
109 118 76
109 119 68
110 111 86
110 112 68
110 113 3
110 114 22
110 115 18
110 116 40
110 117 94
110 118 69
110 119 16
111 112 54
111 113 62
111 114 41
111 115 95
111 116 76
111 117 89
111 118 104
111 119 14
112 113 51
112 114 79
112 115 4
112 116 68
112 117 42
112 118 42
112 119 72
113 114 34
113 115 28
113 116 12
113 117 88
113 118 94
113 119 9
114 115 76
114 116 13
114 117 9
114 118 19
114 119 67
115 116 95
115 117 4
115 118 40
115 119 18
116 117 55
116 118 60
116 119 15
117 118 17
117 119 87
118 119 78