60 6 ss 10 10 10 10 10 10 10 10 10 10 10 10
0 1 66
0 2 50
0 3 87
0 4 44
0 5 73
0 6 64
0 7 72
0 8 103
0 9 9
0 10 12
0 11 51
0 12 9
0 13 72
0 14 87
0 15 64
0 16 79
0 17 47
0 18 86
0 19 64
0 20 51
0 21 85
0 22 87
0 23 92
0 24 75
0 25 61
0 26 103
0 27 52
0 28 65
0 29 7
0 30 74
0 31 81
0 32 63
0 33 89
0 34 6
0 35 33
0 36 17
0 37 49
0 38 8
0 39 91
0 40 95
0 41 57
0 42 7
0 43 45
0 44 57
0 45 6
0 46 11
0 47 93
0 48 50
0 49 61
0 50 55
0 51 68
0 52 6
0 53 46
0 54 86
0 55 61
0 56 86
0 57 49
0 58 53
0 59 23
1 2 70
1 3 76
1 4 30
1 5 95
1 6 29
1 7 14
1 8 4
1 9 73
1 10 7
1 11 55
1 12 94
1 13 101
1 14 39
1 15 89
1 16 15
1 17 62
1 18 67
1 19 8
1 20 84
1 21 100
1 22 8
1 23 80
1 24 61
1 25 48
1 26 64
1 27 99
1 28 12
1 29 14
1 30 42
1 31 49
1 32 15
1 33 18
1 34 19
1 35 63
1 36 77
1 37 62
1 38 56
1 39 15
1 40 61
1 41 90
1 42 64
1 43 68
1 44 78
1 45 24
1 46 5
1 47 59
1 48 100
1 49 102
1 50 54
1 51 46
1 52 41
1 53 101
1 54 20
1 55 15
1 56 28
1 57 84
1 58 92
1 59 76
2 3 40
2 4 74
2 5 32
2 6 2
2 7 59
2 8 37
2 9 7
2 10 85
2 11 7
2 12 95
2 13 68
2 14 58
2 15 99
2 16 72
2 17 29
2 18 26
2 19 95
2 20 39
2 21 88
2 22 88
2 23 79
2 24 44
2 25 82
2 26 80
2 27 27
2 28 14
2 29 80
2 30 65
2 31 32
2 32 69
2 33 79
2 34 85
2 35 91
2 36 58
2 37 15
2 38 49
2 39 72
2 40 77
2 41 87
2 42 60
2 43 50
2 44 27
2 45 10
2 46 69
2 47 86
2 48 31
2 49 20
2 50 84
2 51 33
2 52 42
2 53 92
2 54 88
2 55 51
2 56 45
2 57 55
2 58 55
2 59 20
3 4 5
3 5 48
3 6 11
3 7 79
3 8 6
3 9 8
3 10 45
3 11 12
3 12 101
3 13 5
3 14 46
3 15 26
3 16 17
3 17 14
3 18 46
3 19 71
3 20 88
3 21 54
3 22 30
3 23 34
3 24 13
3 25 34
3 26 76
3 27 98
3 28 70
3 29 85
3 30 8
3 31 92
3 32 92
3 33 88
3 34 73
3 35 95
3 36 62
3 37 88
3 38 35
3 39 15
3 40 93
3 41 101
3 42 10
3 43 56
3 44 97
3 45 2
3 46 75
3 47 50
3 48 99
3 49 85
3 50 75
3 51 23
3 52 8
3 53 34
3 54 103
3 55 28
3 56 61
3 57 70
3 58 32
3 59 102
4 5 92
4 6 24
4 7 79
4 8 19
4 9 33
4 10 25
4 11 11
4 12 93
4 13 92
4 14 48
4 15 81
4 16 81
4 17 45
4 18 56
4 19 36
4 20 71
4 21 63
4 22 65
4 23 57
4 24 92
4 25 20
4 26 51
4 27 57
4 28 21
4 29 11
4 30 77
4 31 5
4 32 51
4 33 77
4 34 61
4 35 95
4 36 19
4 37 67
4 38 60
4 39 6
4 40 6
4 41 75
4 42 93
4 43 5
4 44 71
4 45 18
4 46 84
4 47 49
4 48 15
4 49 103
4 50 76
4 51 17
4 52 23
4 53 24
4 54 57
4 55 82
4 56 9
4 57 55
4 58 13
4 59 95
5 6 42
5 7 15
5 8 99
5 9 26
5 10 42
5 11 84
5 12 20
5 13 51
5 14 27
5 15 49
5 16 6
5 17 11
5 18 96
5 19 35
5 20 87
5 21 35
5 22 9
5 23 89
5 24 61
5 25 98
5 26 89
5 27 80
5 28 69
5 29 23
5 30 46
5 31 25
5 32 38
5 33 15
5 34 60
5 35 63
5 36 15
5 37 39
5 38 38
5 39 44
5 40 12
5 41 91
5 42 4
5 43 101
5 44 28
5 45 69
5 46 12
5 47 32
5 48 59
5 49 60
5 50 103
5 51 6
5 52 75
5 53 29
5 54 79
5 55 94
5 56 13
5 57 22
5 58 96
5 59 4
6 7 6
6 8 27
6 9 81
6 10 12
6 11 102
6 12 62
6 13 8
6 14 44
6 15 59
6 16 27
6 17 67
6 18 35
6 19 93
6 20 53
6 21 47
6 22 6
6 23 74
6 24 29
6 25 83
6 26 27
6 27 30
6 28 55
6 29 22
6 30 60
6 31 38
6 32 94
6 33 61
6 34 33
6 35 39
6 36 18
6 37 63
6 38 92
6 39 98
6 40 65
6 41 88
6 42 65
6 43 17
6 44 96
6 45 46
6 46 20
6 47 94
6 48 39
6 49 2
6 50 90
6 51 56
6 52 80
6 53 2
6 54 36
6 55 19
6 56 67
6 57 102
6 58 75
6 59 66
7 8 50
7 9 60
7 10 94
7 11 29
7 12 100
7 13 77
7 14 81
7 15 72
7 16 6
7 17 19
7 18 85
7 19 48
7 20 66
7 21 53
7 22 23
7 23 71
7 24 21
7 25 33
7 26 35
7 27 67
7 28 99
7 29 80
7 30 76
7 31 85
7 32 79
7 33 36
7 34 47
7 35 95
7 36 94
7 37 101
7 38 100
7 39 100
7 40 65
7 41 38
7 42 58
7 43 26
7 44 21
7 45 76
7 46 93
7 47 94
7 48 40
7 49 84
7 50 19
7 51 56
7 52 28
7 53 36
7 54 89
7 55 68
7 56 82
7 57 97
7 58 69
7 59 39
8 9 25
8 10 39
8 11 77
8 12 29
8 13 77
8 14 9
8 15 78
8 16 99
8 17 38
8 18 34
8 19 60
8 20 45
8 21 75
8 22 8
8 23 74
8 24 7
8 25 22
8 26 74
8 27 76
8 28 83
8 29 69
8 30 66
8 31 15
8 32 84
8 33 73
8 34 39
8 35 38
8 36 78
8 37 53
8 38 74
8 39 98
8 40 69
8 41 26
8 42 4
8 43 11
8 44 95
8 45 91
8 46 69
8 47 84
8 48 53
8 49 40
8 50 80
8 51 6
8 52 24
8 53 100
8 54 96
8 55 69
8 56 47
8 57 102
8 58 97
8 59 11
9 10 69
9 11 21
9 12 76
9 13 16
9 14 9
9 15 89
9 16 85
9 17 60
9 18 63
9 19 25
9 20 96
9 21 18
9 22 59
9 23 89
9 24 85
9 25 39
9 26 48
9 27 100
9 28 32
9 29 84
9 30 97
9 31 19
9 32 74
9 33 69
9 34 51
9 35 7
9 36 93
9 37 15
9 38 40
9 39 77
9 40 83
9 41 56
9 42 49
9 43 10
9 44 49
9 45 69
9 46 15
9 47 41
9 48 103
9 49 16
9 50 103
9 51 7
9 52 80
9 53 59
9 54 69
9 55 82
9 56 36
9 57 7
9 58 68
9 59 70
10 11 41
10 12 43
10 13 56
10 14 86
10 15 64
10 16 38
10 17 2
10 18 48
10 19 23
10 20 30
10 21 62
10 22 88
10 23 78
10 24 39
10 25 82
10 26 96
10 27 100
10 28 92
10 29 48
10 30 41
10 31 48
10 32 82
10 33 35
10 34 44
10 35 29
10 36 6
10 37 100
10 38 33
10 39 29
10 40 88
10 41 85
10 42 14
10 43 51
10 44 28
10 45 28
10 46 75
10 47 85
10 48 97
10 49 39
10 50 100
10 51 95
10 52 8
10 53 2
10 54 67
10 55 102
10 56 43
10 57 19
10 58 86
10 59 36
11 12 57
11 13 73
11 14 90
11 15 69
11 16 25
11 17 86
11 18 49
11 19 26
11 20 93
11 21 89
11 22 8
11 23 61
11 24 68
11 25 81
11 26 45
11 27 62
11 28 37
11 29 83
11 30 65
11 31 92
11 32 71
11 33 63
11 34 80
11 35 53
11 36 33
11 37 40
11 38 27
11 39 98
11 40 41
11 41 4
11 42 51
11 43 23
11 44 67
11 45 35
11 46 65
11 47 81
11 48 50
11 49 18
11 50 52
11 51 85
11 52 29
11 53 103
11 54 56
11 55 29
11 56 79
11 57 84
11 58 88
11 59 25
12 13 91
12 14 84
12 15 63
12 16 66
12 17 24
12 18 82
12 19 33
12 20 11
12 21 90
12 22 53
12 23 10
12 24 38
12 25 48
12 26 37
12 27 61
12 28 21
12 29 5
12 30 62
12 31 44
12 32 65
12 33 101
12 34 65
12 35 2
12 36 67
12 37 31
12 38 98
12 39 99
12 40 13
12 41 50
12 42 103
12 43 103
12 44 67
12 45 5
12 46 99
12 47 95
12 48 57
12 49 65
12 50 20
12 51 99
12 52 5
12 53 94
12 54 75
12 55 46
12 56 15
12 57 32
12 58 80
12 59 40
13 14 65
13 15 14
13 16 98
13 17 54
13 18 10
13 19 94
13 20 40
13 21 92
13 22 102
13 23 51
13 24 38
13 25 101
13 26 51
13 27 70
13 28 59
13 29 17
13 30 11
13 31 62
13 32 32
13 33 58
13 34 36
13 35 91
13 36 51
13 37 15
13 38 74
13 39 79
13 40 30
13 41 46
13 42 2
13 43 87
13 44 68
13 45 30
13 46 62
13 47 19
13 48 36
13 49 92
13 50 97
13 51 83
13 52 42
13 53 37
13 54 33
13 55 50
13 56 23
13 57 59
13 58 45
13 59 80
14 15 37
14 16 62
14 17 41
14 18 90
14 19 33
14 20 55
14 21 16
14 22 14
14 23 23
14 24 6
14 25 35
14 26 65
14 27 60
14 28 94
14 29 65
14 30 49
14 31 8
14 32 97
14 33 86
14 34 38
14 35 35
14 36 65
14 37 87
14 38 92
14 39 57
14 40 47
14 41 78
14 42 21
14 43 65
14 44 26
14 45 16
14 46 68
14 47 90
14 48 87
14 49 66
14 50 9
14 51 31
14 52 37
14 53 69
14 54 78
14 55 73
14 56 65
14 57 15
14 58 65
14 59 40
15 16 53
15 17 33
15 18 42
15 19 89
15 20 61
15 21 63
15 22 74
15 23 75
15 24 24
15 25 8
15 26 59
15 27 46
15 28 42
15 29 35
15 30 16
15 31 10
15 32 19
15 33 39
15 34 55
15 35 9
15 36 89
15 37 33
15 38 72
15 39 83
15 40 74
15 41 70
15 42 80
15 43 102
15 44 82
15 45 91
15 46 61
15 47 91
15 48 20
15 49 57
15 50 48
15 51 34
15 52 44
15 53 58
15 54 5
15 55 31
15 56 50
15 57 92
15 58 48
15 59 62
16 17 61
16 18 38
16 19 22
16 20 75
16 21 100
16 22 65
16 23 103
16 24 63
16 25 75
16 26 70
16 27 18
16 28 72
16 29 36
16 30 50
16 31 26
16 32 41
16 33 26
16 34 69
16 35 24
16 36 56
16 37 36
16 38 20
16 39 46
16 40 6
16 41 98
16 42 36
16 43 103
16 44 35
16 45 48
16 46 48
16 47 35
16 48 57
16 49 16
16 50 6
16 51 96
16 52 62
16 53 66
16 54 12
16 55 74
16 56 67
16 57 50
16 58 72
16 59 2
17 18 51
17 19 54
17 20 77
17 21 60
17 22 13
17 23 91
17 24 13
17 25 73
17 26 33
17 27 102
17 28 21
17 29 15
17 30 103
17 31 72
17 32 51
17 33 94
17 34 62
17 35 34
17 36 74
17 37 28
17 38 61
17 39 67
17 40 40
17 41 99
17 42 103
17 43 20
17 44 95
17 45 22
17 46 61
17 47 24
17 48 48
17 49 76
17 50 21
17 51 69
17 52 62
17 53 101
17 54 27
17 55 31
17 56 84
17 57 55
17 58 72
17 59 28
18 19 19
18 20 28
18 21 19
18 22 101
18 23 101
18 24 57
18 25 103
18 26 8
18 27 66
18 28 103
18 29 21
18 30 92
18 31 60
18 32 45
18 33 89
18 34 8
18 35 63
18 36 39
18 37 101
18 38 73
18 39 52
18 40 25
18 41 80
18 42 41
18 43 13
18 44 89
18 45 7
18 46 24
18 47 50
18 48 101
18 49 74
18 50 17
18 51 15
18 52 7
18 53 58
18 54 4
18 55 20
18 56 12
18 57 56
18 58 41
18 59 80
19 20 25
19 21 43
19 22 26
19 23 29
19 24 48
19 25 93
19 26 71
19 27 60
19 28 103
19 29 6
19 30 45
19 31 43
19 32 71
19 33 4
19 34 31
19 35 34
19 36 69
19 37 61
19 38 91
19 39 23
19 40 12
19 41 43
19 42 73
19 43 13
19 44 94
19 45 7
19 46 102
19 47 55
19 48 52
19 49 48
19 50 15
19 51 69
19 52 29
19 53 97
19 54 87
19 55 78
19 56 77
19 57 70
19 58 60
19 59 75
20 21 48
20 22 22
20 23 7
20 24 64
20 25 48
20 26 47
20 27 25
20 28 89
20 29 91
20 30 39
20 31 103
20 32 38
20 33 63
20 34 29
20 35 2
20 36 85
20 37 31
20 38 68
20 39 34
20 40 71
20 41 45
20 42 56
20 43 54
20 44 24
20 45 101
20 46 7
20 47 6
20 48 14
20 49 16
20 50 82
20 51 72
20 52 38
20 53 89
20 54 22
20 55 9
20 56 18
20 57 7
20 58 66
20 59 25
21 22 79
21 23 8
21 24 97
21 25 49
21 26 72
21 27 61
21 28 75
21 29 88
21 30 72
21 31 83
21 32 75
21 33 52
21 34 90
21 35 57
21 36 99
21 37 74
21 38 101
21 39 39
21 40 66
21 41 31
21 42 82
21 43 28
21 44 25
21 45 80
21 46 21
21 47 25
21 48 40
21 49 28
21 50 35
21 51 37
21 52 93
21 53 40
21 54 76
21 55 56
21 56 40
21 57 33
21 58 62
21 59 51
22 23 46
22 24 71
22 25 93
22 26 25
22 27 96
22 28 31
22 29 67
22 30 34
22 31 102
22 32 96
22 33 25
22 34 38
22 35 65
22 36 64
22 37 95
22 38 72
22 39 64
22 40 59
22 41 83
22 42 20
22 43 9
22 44 86
22 45 58
22 46 47
22 47 45
22 48 66
22 49 63
22 50 32
22 51 83
22 52 33
22 53 38
22 54 12
22 55 55
22 56 74
22 57 59
22 58 41
22 59 4
23 24 44
23 25 100
23 26 28
23 27 26
23 28 17
23 29 82
23 30 55
23 31 103
23 32 32
23 33 80
23 34 27
23 35 33
23 36 89
23 37 96
23 38 25
23 39 17
23 40 2
23 41 77
23 42 21
23 43 78
23 44 52
23 45 80
23 46 30
23 47 37
23 48 95
23 49 17
23 50 101
23 51 19
23 52 63
23 53 28
23 54 72
23 55 67
23 56 76
23 57 83
23 58 14
23 59 20
24 25 90
24 26 2
24 27 87
24 28 98
24 29 74
24 30 60
24 31 98
24 32 41
24 33 73
24 34 83
24 35 91
24 36 85
24 37 39
24 38 15
24 39 90
24 40 97
24 41 6
24 42 94
24 43 30
24 44 73
24 45 4
24 46 73
24 47 26
24 48 93
24 49 8
24 50 2
24 51 45
24 52 71
24 53 57
24 54 18
24 55 9
24 56 60
24 57 67
24 58 19
24 59 61
25 26 88
25 27 57
25 28 52
25 29 46
25 30 86
25 31 40
25 32 88
25 33 76
25 34 52
25 35 83
25 36 5
25 37 94
25 38 82
25 39 24
25 40 19
25 41 14
25 42 33
25 43 38
25 44 58
25 45 44
25 46 101
25 47 47
25 48 22
25 49 37
25 50 31
25 51 73
25 52 49
25 53 28
25 54 16
25 55 44
25 56 85
25 57 31
25 58 25
25 59 39
26 27 16
26 28 35
26 29 5
26 30 54
26 31 51
26 32 12
26 33 93
26 34 38
26 35 11
26 36 41
26 37 8
26 38 102
26 39 83
26 40 18
26 41 6
26 42 42
26 43 73
26 44 79
26 45 25
26 46 22
26 47 45
26 48 20
26 49 78
26 50 33
26 51 88
26 52 32
26 53 20
26 54 14
26 55 28
26 56 24
26 57 81
26 58 59
26 59 46
27 28 79
27 29 46
27 30 77
27 31 97
27 32 57
27 33 81
27 34 92
27 35 15
27 36 31
27 37 44
27 38 26
27 39 68
27 40 47
27 41 49
27 42 101
27 43 87
27 44 15
27 45 93
27 46 47
27 47 71
27 48 25
27 49 85
27 50 11
27 51 60
27 52 95
27 53 17
27 54 21
27 55 4
27 56 101
27 57 67
27 58 88
27 59 77
28 29 15
28 30 21
28 31 100
28 32 83
28 33 54
28 34 86
28 35 37
28 36 91
28 37 62
28 38 35
28 39 11
28 40 93
28 41 38
28 42 22
28 43 32
28 44 73
28 45 15
28 46 83
28 47 33
28 48 59
28 49 79
28 50 62
28 51 47
28 52 54
28 53 75
28 54 94
28 55 56
28 56 93
28 57 54
28 58 43
28 59 27
29 30 8
29 31 99
29 32 61
29 33 26
29 34 21
29 35 20
29 36 50
29 37 94
29 38 4
29 39 46
29 40 90
29 41 63
29 42 6
29 43 24
29 44 96
29 45 84
29 46 31
29 47 75
29 48 20
29 49 61
29 50 54
29 51 70
29 52 47
29 53 34
29 54 58
29 55 90
29 56 71
29 57 85
29 58 71
29 59 102
30 31 64
30 32 16
30 33 39
30 34 95
30 35 83
30 36 85
30 37 61
30 38 88
30 39 54
30 40 88
30 41 99
30 42 71
30 43 13
30 44 15
30 45 64
30 46 14
30 47 2
30 48 5
30 49 54
30 50 66
30 51 68
30 52 60
30 53 34
30 54 51
30 55 13
30 56 37
30 57 78
30 58 43
30 59 79
31 32 63
31 33 23
31 34 60
31 35 13
31 36 70
31 37 38
31 38 15
31 39 40
31 40 91
31 41 36
31 42 50
31 43 76
31 44 77
31 45 7
31 46 8
31 47 65
31 48 15
31 49 69
31 50 7
31 51 22
31 52 39
31 53 25
31 54 28
31 55 72
31 56 18
31 57 70
31 58 23
31 59 91
32 33 73
32 34 80
32 35 45
32 36 81
32 37 60
32 38 37
32 39 63
32 40 4
32 41 26
32 42 26
32 43 62
32 44 41
32 45 45
32 46 36
32 47 58
32 48 23
32 49 41
32 50 76
32 51 69
32 52 95
32 53 4
32 54 92
32 55 41
32 56 72
32 57 77
32 58 91
32 59 50
33 34 23
33 35 83
33 36 38
33 37 43
33 38 47
33 39 4
33 40 17
33 41 70
33 42 89
33 43 36
33 44 24
33 45 95
33 46 7
33 47 34
33 48 31
33 49 103
33 50 73
33 51 22
33 52 31
33 53 92
33 54 78
33 55 59
33 56 25
33 57 15
33 58 62
33 59 101
34 35 28
34 36 4
34 37 38
34 38 16
34 39 48
34 40 22
34 41 12
34 42 29
34 43 22
34 44 69
34 45 77
34 46 91
34 47 89
34 48 17
34 49 26
34 50 45
34 51 56
34 52 47
34 53 45
34 54 15
34 55 42
34 56 67
34 57 15
34 58 91
34 59 50
35 36 65
35 37 17
35 38 13
35 39 98
35 40 12
35 41 47
35 42 86
35 43 46
35 44 17
35 45 71
35 46 34
35 47 63
35 48 87
35 49 5
35 50 96
35 51 22
35 52 97
35 53 64
35 54 49
35 55 81
35 56 77
35 57 61
35 58 19
35 59 35
36 37 69
36 38 55
36 39 38
36 40 8
36 41 42
36 42 62
36 43 90
36 44 50
36 45 85
36 46 100
36 47 14
36 48 14
36 49 73
36 50 63
36 51 92
36 52 32
36 53 42
36 54 82
36 55 99
36 56 77
36 57 58
36 58 78
36 59 30
37 38 27
37 39 38
37 40 63
37 41 94
37 42 43
37 43 14
37 44 8
37 45 57
37 46 87
37 47 18
37 48 80
37 49 32
37 50 12
37 51 94
37 52 39
37 53 28
37 54 97
37 55 2
37 56 99
37 57 55
37 58 12
37 59 91
38 39 59
38 40 39
38 41 6
38 42 91
38 43 56
38 44 5
38 45 62
38 46 49
38 47 41
38 48 22
38 49 46
38 50 78
38 51 62
38 52 30
38 53 67
38 54 44
38 55 72
38 56 72
38 57 39
38 58 6
38 59 91
39 40 80
39 41 30
39 42 100
39 43 43
39 44 18
39 45 103
39 46 19
39 47 15
39 48 95
39 49 50
39 50 11
39 51 21
39 52 90
39 53 43
39 54 6
39 55 29
39 56 102
39 57 37
39 58 5
39 59 78
40 41 70
40 42 64
40 43 26
40 44 95
40 45 71
40 46 47
40 47 69
40 48 49
40 49 13
40 50 96
40 51 53
40 52 75
40 53 60
40 54 67
40 55 54
40 56 19
40 57 62
40 58 16
40 59 74
41 42 4
41 43 89
41 44 26
41 45 39
41 46 67
41 47 41
41 48 74
41 49 40
41 50 74
41 51 100
41 52 71
41 53 12
41 54 34
41 55 58
41 56 39
41 57 68
41 58 43
41 59 7
42 43 72
42 44 61
42 45 101
42 46 82
42 47 77
42 48 59
42 49 7
42 50 56
42 51 31
42 52 92
42 53 29
42 54 91
42 55 45
42 56 81
42 57 47
42 58 76
42 59 75
43 44 10
43 45 96
43 46 69
43 47 44
43 48 102
43 49 101
43 50 28
43 51 42
43 52 6
43 53 102
43 54 72
43 55 71
43 56 101
43 57 24
43 58 19
43 59 34
44 45 75
44 46 16
44 47 100
44 48 45
44 49 92
44 50 29
44 51 53
44 52 24
44 53 82
44 54 62
44 55 32
44 56 71
44 57 70
44 58 37
44 59 47
45 46 73
45 47 54
45 48 39
45 49 50
45 50 15
45 51 4
45 52 68
45 53 87
45 54 15
45 55 54
45 56 93
45 57 86
45 58 24
45 59 61
46 47 68
46 48 76
46 49 2
46 50 65
46 51 79
46 52 26
46 53 45
46 54 9
46 55 30
46 56 13
46 57 96
46 58 90
46 59 73
47 48 41
47 49 34
47 50 64
47 51 71
47 52 59
47 53 79
47 54 55
47 55 5
47 56 15
47 57 74
47 58 34
47 59 62
48 49 63
48 50 17
48 51 50
48 52 41
48 53 57
48 54 96
48 55 26
48 56 58
48 57 88
48 58 34
48 59 36
49 50 96
49 51 57
49 52 29
49 53 92
49 54 22
49 55 47
49 56 11
49 57 18
49 58 60
49 59 65
50 51 22
50 52 63
50 53 6
50 54 65
50 55 99
50 56 34
50 57 17
50 58 19
50 59 50
51 52 78
51 53 97
51 54 44
51 55 19
51 56 68
51 57 11
51 58 18
51 59 88
52 53 65
52 54 103
52 55 85
52 56 4
52 57 28
52 58 14
52 59 48
53 54 41
53 55 94
53 56 91
53 57 50
53 58 84
53 59 11
54 55 76
54 56 74
54 57 47
54 58 97
54 59 81
55 56 60
55 57 12
55 58 73
55 59 6
56 57 4
56 58 17
56 59 84
57 58 56
57 59 36
58 59 14